
>  9.99, 39.94, A, -W1p,red
9.99	39.94	0	-1471.02227403
10.0017265109	39.9402034801	1	-1498.97732727
10.0134530914	39.9404057788	2	-1532.63940155
10.025179741	39.9406068962	3	-1570.25659896
10.0369064594	39.9408068322	4	-1591.49740942
10.0486332461	39.9410055868	5	-1618.93973114
10.0603601007	39.94120316	6	-1648.10592157
10.0720870228	39.9413995518	7	-1665.20229204
10.083814012	39.9415947621	8	-1682.57693114
10.095541068	39.941788791	9	-1697.70402656
10.1072681902	39.9419816384	10	-1706.29486092
10.1189953784	39.9421733043	11	-1692.86489074
10.130722632	39.9423637887	12	-1617.62050773
10.1424499508	39.9425530916	13	-1516.59444547
10.1541773342	39.942741213	14	-1565.81250016
10.1659047819	39.9429281528	15	-1532.32787166
10.1776322935	39.9431139111	16	-1490.88406278
10.1893598686	39.9432984878	17	-1576.40569407
10.2010875068	39.9434818829	18	-1716.65395428
10.2128152076	39.9436640964	19	-1829.20793498
10.2245429707	39.9438451283	20	-1893.31135104
10.2362707956	39.9440249786	21	-2123.53255736
10.247998682	39.9442036472	22	-2297.81609181
10.2597266295	39.9443811342	23	-2370.39505325
10.2714546376	39.9445574395	24	-2358.42674802
10.2831827059	39.9447325631	25	-2303.48914528
10.2949108341	39.9449065051	26	-2231.95318014
10.3066390217	39.9450792653	27	-2171.77078676
10.3183672684	39.9452508438	28	-2037.99392726
10.3300955736	39.9454212406	29	-2031.37781178
10.3418239371	39.9455904556	30	-2196.15722411
10.3535523584	39.9457584889	31	-2271.74183829
10.3652808371	39.9459253404	32	-2307.88169676
10.3770093728	39.9460910101	33	-2316.93555486
10.3887379651	39.946255498	34	-2311.83141019
10.4004666137	39.9464188041	35	-2321.0995464
10.412195318	39.9465809283	36	-2336.99034936
10.4239240777	39.9467418708	37	-2352.38436801
10.4356528923	39.9469016313	38	-2364.69780256
10.4473817616	39.9470602101	39	-2371.8739247
10.459110685	39.9472176069	40	-2373.27799062
10.4708396622	39.9473738219	41	-2367.82944794
10.4825686928	39.9475288549	42	-2371.19940705
10.4942977763	39.9476827061	43	-2372.64049919
10.5060269124	39.9478353753	44	-2354.48539916
10.5177561006	39.9479868626	45	-2374.92364043
10.5294853406	39.948137168	46	-2417.87828893
10.5412146319	39.9482862914	47	-2468.17591145
10.5529439741	39.9484342328	48	-2489.17113866
10.5646733669	39.9485809923	49	-2507.60265043
10.5764028098	39.9487265698	50	-2525.21910895
10.5881323024	39.9488709652	51	-2531.52453583
10.5998618443	39.9490141787	52	-2534.87691436
10.6115914352	39.9491562101	53	-2536.73470854
10.6233210745	39.9492970595	54	-2538.40614311
10.635050762	39.9494367269	55	-2545.71739834
10.6467804972	39.9495752122	56	-2555.85545326
10.6585102796	39.9497125154	57	-2566.97429678
10.6702401089	39.9498486366	58	-2575.36199391
10.6819699847	39.9499835756	59	-2582.53614953
10.6936999066	39.9501173326	60	-2589.05802196
10.7054298742	39.9502499075	61	-2595.46719561
10.717159887	39.9503813003	62	-2599.05223047
10.7288899447	39.9505115109	63	-2600.96667318
10.7406200468	39.9506405394	64	-2605.9807449
10.752350193	39.9507683857	65	-2662.61937829
10.7640803828	39.9508950499	66	-2722.47061987
10.7758106159	39.9510205319	67	-2761.95145083
10.7875408918	39.9511448318	68	-2767.33042198
10.7992712102	39.9512679494	69	-2766.6411463
10.8110015706	39.9513898849	70	-2765.17295502
10.8227319725	39.9515106381	71	-2765.43305084
10.8344624157	39.9516302092	72	-2771.50262269
10.8461928998	39.951748598	73	-2775.20024485
10.8579234242	39.9518658046	74	-2773.387904
10.8696539886	39.951981829	75	-2776.8493358
10.8813845926	39.9520966711	76	-2771.68299636
10.8931152358	39.9522103309	77	-2756.64749385
10.9048459178	39.9523228085	78	-2732.64817578
10.9165766382	39.9524341038	79	-2736.77885662
10.9283073965	39.9525442168	80	-2745.21100385
10.9400381924	39.9526531475	81	-2729.61532032
10.9517690255	39.9527608959	82	-2712.49386093
10.9634998953	39.9528674621	83	-2713.32905338
10.9752308015	39.9529728459	84	-2735.64822975
10.9869617436	39.9530770473	85	-2752.28950751
10.9986927213	39.9531800665	86	-2749.46784445
11.0104237341	39.9532819033	87	-2743.86113208
11.0221547816	39.9533825577	88	-2769.44076989
11.0338858635	39.9534820298	89	-2773.07439788
11.0456169792	39.9535803195	90	-2773.39342156
11.0573481285	39.9536774269	91	-2785.43904969
11.0690793109	39.9537733519	92	-2820.22020214
11.080810526	39.9538680945	93	-2841.03937024
11.0925417734	39.9539616547	94	-2842.11497825
11.1042730527	39.9540540325	95	-2843.22643576
11.1160043635	39.9541452278	96	-2847.58296772
11.1277357054	39.9542352408	97	-2855.48493542
11.1394670779	39.9543240714	98	-2866.23160505
11.1511984807	39.9544117195	99	-2866.45536865
11.1629299134	39.9544981852	100	-2871.00921074
11.1746613756	39.9545834684	101	-2885.84351045
11.1863928667	39.9546675692	102	-2892.42296243
11.1981243866	39.9547504876	103	-2898.56377457
11.2098559347	39.9548322234	104	-2902.98420144
11.2215875106	39.9549127769	105	-2898.49680589
11.233319114	39.9549921478	106	-2892.42039498
11.2450507444	39.9550703363	107	-2926.92098227
11.2567824014	39.9551473422	108	-3034.81035749
11.2685140846	39.9552231657	109	-3014.10038206
11.2802457936	39.9552978067	110	-2986.01225194
11.2919775281	39.9553712652	111	-2988.48829714
11.3037092875	39.9554435411	112	-2969.65034179
11.3154410715	39.9555146346	113	-2944.19464185
11.3271728797	39.9555845455	114	-2923.93809398
11.3389047117	39.955653274	115	-2924.85073068
11.3506365671	39.9557208198	116	-2927.64493626
11.3623684455	39.9557871832	117	-2938.88100425
11.3741003464	39.955852364	118	-2960.13932263
11.3858322695	39.9559163623	119	-2959.39743906
11.3975642143	39.955979178	120	-2937.26336311
11.4092961805	39.9560408111	121	-2917.28008508
11.4210281676	39.9561012617	122	-2974.75902728
11.4327601753	39.9561605298	123	-3040.43750724
11.4444922031	39.9562186152	124	-3098.42768944
11.4562242506	39.9562755181	125	-3135.77643951
11.4679563174	39.9563312384	126	-3171.8534536
11.4796884032	39.9563857761	127	-3196.77157758
11.4914205074	39.9564391313	128	-3209.94614179
11.5031526298	39.9564913038	129	-3232.3616525
11.5148847699	39.9565422938	130	-3276.74180075
11.5266169272	39.9565921012	131	-3327.70194219
11.5383491015	39.9566407259	132	-3344.63097851
11.5500812922	39.9566881681	133	-3340.29370569
11.561813499	39.9567344276	134	-3327.98130451
11.5735457215	39.9567795045	135	-3319.92326651
11.5852779592	39.9568233988	136	-3300.3249117
11.5970102118	39.9568661105	137	-3310.97199107
11.6087424788	39.9569076396	138	-3352.720423
11.6204747599	39.956947986	139	-3359.64861232
11.6322070546	39.9569871499	140	-3360.75067327
11.6439393626	39.957025131	141	-3359.71432007
11.6556716834	39.9570619296	142	-3357.13037951
11.6674040166	39.9570975455	143	-3351.09198121
11.6791363619	39.9571319788	144	-3347.41358302
11.6908687187	39.9571652294	145	-3347.56096143
11.7026010868	39.9571972974	146	-3332.81201646
11.7143334656	39.9572281827	147	-3294.41124427
11.7260658548	39.9572578854	148	-3237.83071982
11.7377982541	39.9572864054	149	-3192.47405263
11.7495306629	39.9573137428	150	-3115.11309789
11.7612630809	39.9573398975	151	-2950.5729398
11.7729955077	39.9573648695	152	-2637.27636305
11.7847279428	39.9573886589	153	-2308.86549767
11.7964603859	39.9574112656	154	-2116.38215996
11.8081928365	39.9574326897	155	-2150.28593222
11.8199252943	39.9574529311	156	-2440.34145539
11.8316577589	39.9574719898	157	-2726.92064921
11.8433902297	39.9574898659	158	-2953.77116516
11.8551227066	39.9575065593	159	-3124.328552
11.8668551889	39.95752207	160	-3301.8266249
11.8785876763	39.957536398	161	-3429.27800206
11.8903201685	39.9575495434	162	-3457.45152415
11.902052665	39.9575615061	163	-3463.90879316
11.9137851653	39.9575722861	164	-3469.50942346
11.9255176692	39.9575818835	165	-3482.71946335
11.9372501762	39.9575902981	166	-3491.15849053
11.9489826858	39.9575975301	167	-3500.37615002
11.9607151977	39.9576035794	168	-3509.13558265
11.9724477115	39.957608446	169	-3514.59257321
11.9841802268	39.95761213	170	-3518.7948357
11.9959127431	39.9576146312	171	-3524.43542342
12.0076452601	39.9576159498	172	-3531.9391638
12.0193777773	39.9576160857	173	-3528.76547623
12.0311102944	39.9576150389	174	-3522.27424366
12.0428428109	39.9576128095	175	-3514.9104941
12.0545753264	39.9576093974	176	-3513.50294772
12.0663078406	39.9576048025	177	-3470.25799697
12.078040353	39.957599025	178	-3341.72951296
12.0897728632	39.9575920649	179	-3088.61950883
12.1015053708	39.957583922	180	-3009.1618666
12.1132378754	39.9575745965	181	-3048.64809129
12.1249703766	39.9575640883	182	-3165.5696325
12.136702874	39.9575523974	183	-3268.22199059
12.1484353672	39.9575395238	184	-3327.86859994
12.1601678558	39.9575254676	185	-3357.36604848
12.1719003393	39.9575102287	186	-3393.87914854
12.1836328174	39.9574938071	187	-3515.94990047
12.1953652897	39.9574762028	188	-3623.75660392
12.2070977557	39.9574574159	189	-3633.42032177
12.2188302151	39.9574374463	190	-3636.39667589
12.2305626675	39.957416294	191	-3635.68737817
12.2422951123	39.9573939591	192	-3635.75462498
12.2540275493	39.9573704415	193	-3637.9406519
12.265759978	39.9573457413	194	-3633.29225055
12.2774923981	39.9573198584	195	-3627.33351442
12.2892248091	39.9572927928	196	-3629.84050025
12.3009572105	39.9572645446	197	-3629.13671385
12.3126896021	39.9572351137	198	-3626.78224149
12.3244219834	39.9572045002	199	-3623.81690438
12.3361543539	39.957172704	200	-3621.14303213
12.3478867134	39.9571397252	201	-3618.64259436
12.3596190613	39.9571055637	202	-3612.46468694
12.3713513974	39.9570702196	203	-3590.52765375
12.383083721	39.9570336928	204	-3584.1733878
12.394816032	39.9569959835	205	-3590.68202647
12.4065483298	39.9569570914	206	-3603.99729189
12.4182806141	39.9569170168	207	-3603.34877414
12.4300128844	39.9568757595	208	-3595.87995078
12.4417451403	39.9568333196	209	-3582.14685612
12.4534773815	39.9567896971	210	-3550.09967789
12.4652096075	39.956744892	211	-3505.78841661
12.4769418179	39.9566989042	212	-3464.98155894
12.4886740124	39.9566517339	213	-3456.92836356
12.5004061905	39.9566033809	214	-3433.59685235
12.5121383517	39.9565538453	215	-3414.51560606
12.5238704958	39.9565031271	216	-3413.96196524
12.5356026223	39.9564512264	217	-3400.27221116
12.5473347307	39.956398143	218	-3389.40546659
12.5590668208	39.9563438771	219	-3352.99103607
12.570798892	39.9562884285	220	-3192.29886925
12.582530944	39.9562317974	221	-2862.14823972
12.5942629764	39.9561739838	222	-2450.19980972
12.6059949887	39.9561149875	223	-2082.9076298
12.6177269806	39.9560548087	224	-1989.05108408
12.6294589516	39.9559934473	225	-2050.77822634
12.6411909014	39.9559309034	226	-2211.0926783
12.6529228295	39.9558671769	227	-2575.27488247
12.6646547355	39.9558022679	228	-2894.30077121
12.6763866191	39.9557361763	229	-3122.7821468
12.6881184798	39.9556689022	230	-3313.37266156
12.6998503172	39.9556004455	231	-3490.07277368
12.7115821309	39.9555308064	232	-3602.52441831
12.7233139206	39.9554599847	233	-3597.17441462
12.7350456857	39.9553879805	234	-3601.08458413
12.7467774259	39.9553147938	235	-3601.01671925
12.7585091408	39.9552404245	236	-3597.25068711
12.77024083	39.9551648728	237	-3602.54290497
12.7819724931	39.9550881386	238	-3603.00666573
12.7937041296	39.9550102219	239	-3599.68062633
12.8054357392	39.9549311227	240	-3597.98577942
12.8171673215	39.9548508411	241	-3596.84762919
12.828898876	39.954769377	242	-3595.75972345
12.8406304024	39.9546867304	243	-3594.2048837
12.8523619002	39.9546029013	244	-3590.96557362
12.864093369	39.9545178898	245	-3588.01630657
12.8758248085	39.9544316959	246	-3587.25651118
12.8875562182	39.9543443195	247	-3593.33382308
12.8992875978	39.9542557607	248	-3595.53672526
12.9110189467	39.9541660195	249	-3595.08098449
12.9227502647	39.9540750959	250	-3595.12995854
12.9344815513	39.9539829898	251	-3594.13613635
12.946212806	39.9538897013	252	-3593.79160779
12.9579440286	39.9537952305	253	-3594.93299979
12.9696752186	39.9536995773	254	-3596.8382847
12.9814063755	39.9536027416	255	-3601.71667343
12.993137499	39.9535047236	256	-3598.80999906
13.0048685887	39.9534055233	257	-3584.42550812
13.0165996442	39.9533051406	258	-3248.94701586
13.028330665	39.9532035755	259	-2957.62634187
13.0400616508	39.9531008281	260	-3079.5696313
13.0517926011	39.9529968983	261	-3201.57755311
13.0635235156	39.9528917863	262	-3268.75161813
13.0752543938	39.9527854919	263	-3263.1227392
13.0869852353	39.9526780152	264	-3260.8554013
13.0987160398	39.9525693562	265	-3254.88634296
13.1104468068	39.9524595149	266	-3245.77449598
13.1221775359	39.9523484913	267	-3232.98663525
13.1339082268	39.9522362854	268	-3224.9370927
13.1456388789	39.9521228973	269	-3221.25141493
13.157369492	39.9520083269	270	-3221.39477181
13.1691000655	39.9518925742	271	-3228.65753665
13.1808305992	39.9517756394	272	-3229.51434928
13.1925610925	39.9516575222	273	-3221.97667205
13.2042915451	39.9515382229	274	-3212.85553463
13.2160219566	39.9514177413	275	-3206.43267938
13.2277523266	39.9512960776	276	-3202.68230851
13.2394826546	39.9511732316	277	-3202.34863172
13.2512129403	39.9510492034	278	-3199.71397188
13.2629431833	39.9509239931	279	-3186.27658903
13.2746733831	39.9507976006	280	-3161.55359495
13.2864035394	39.950670026	281	-3150.32232219
13.2981336517	39.9505412692	282	-3129.72034356
13.3098637196	39.9504113302	283	-3104.01826232
13.3215937428	39.9502802091	284	-3092.62974233
13.3333237208	39.9501479059	285	-3068.30289551
13.3450536532	39.9500144206	286	-3012.15086631
13.3567835396	39.9498797532	287	-2907.03509298
13.3685133797	39.9497439037	288	-2803.29116898
13.3802431729	39.9496068722	289	-2714.65214757
13.391972919	39.9494686585	290	-2637.73687991
13.4037026174	39.9493292628	291	-2515.65003718
13.4154322679	39.9491886851	292	-2454.62703027
13.4271618699	39.9490469253	293	-2432.37913026
13.4388914231	39.9489039835	294	-2377.17985396
13.4506209271	39.9487598597	295	-2388.46777782
13.4623503815	39.9486145539	296	-2448.33771424
13.4740797858	39.9484680661	297	-2537.52259068
13.4858091397	39.9483203963	298	-2619.66339036
13.4975384427	39.9481715445	299	-2670.64434512
13.5092676946	39.9480215108	300	-2688.19452308
13.5209968947	39.9478702951	301	-2695.4552805
13.5327260428	39.9477178975	302	-2703.33895342
13.5444551384	39.947564318	303	-2713.72994737
13.5561841812	39.9474095566	304	-2726.80443175
13.5679131707	39.9472536132	305	-2724.36667734
13.5796421065	39.947096488	306	-2716.57032716
13.5913709883	39.9469381809	307	-2709.98309486
13.6030998155	39.9467786919	308	-2711.43324516
13.6148285879	39.9466180211	309	-2710.7962733
13.626557305	39.9464561685	310	-2707.74743871
13.6382859663	39.946293134	311	-2706.26021033
13.6500145716	39.9461289177	312	-2706.19258877
13.6617431204	39.9459635196	313	-2705.41805867
13.6734716122	39.9457969397	314	-2702.25627047
13.6852000467	39.945629178	315	-2706.64190297
13.6969284235	39.9454602346	316	-2713.7433734
13.7086567422	39.9452901094	317	-2720.25727006
13.7203850024	39.9451188025	318	-2723.79531108
13.7321132036	39.9449463139	319	-2710.24762056
13.7438413454	39.9447726435	320	-2680.4865257
13.7555694276	39.9445977915	321	-2635.16100794
13.7672974496	39.9444217577	322	-2631.11739681
13.779025411	39.9442445423	323	-2607.64979637
13.7907533114	39.9440661452	324	-2534.30086696
13.8024811506	39.9438865665	325	-2557.78410803
13.8142089279	39.9437058062	326	-2580.9526966
13.8259366431	39.9435238642	327	-2579.16895293
13.8376642957	39.9433407407	328	-2559.0496825
13.8493918853	39.9431564355	329	-2515.32401267
13.8611194115	39.9429709488	330	-2467.46259195
13.8728468739	39.9427842805	331	-2444.33050577
13.8845742722	39.9425964307	332	-2381.04545425
13.8963016058	39.9424073993	333	-2300.69010681
13.9080288745	39.9422171865	334	-2228.76694339
13.9197560777	39.9420257921	335	-2248.08870623
13.9314832152	39.9418332162	336	-2218.49093068
13.9432102864	39.9416394589	337	-2167.00821729
13.954937291	39.9414445201	338	-2224.28951863
13.9666642286	39.9412483998	339	-2294.24358421
13.9783910987	39.9410510981	340	-2322.52118884
13.990117901	39.940852615	341	-2253.71924473
14.0018446351	39.9406529506	342	-2210.59453233
14.0135713006	39.9404521047	343	-2171.82407859
14.025297897	39.9402500774	344	-2129.10915351
14.0370244239	39.9400468689	345	-2044.7336808
14.0487508811	39.9398424789	346	-2090.53638445
14.0604772679	39.9396369077	347	-2200.54767698
14.0722035841	39.9394301551	348	-2219.45395087
14.0839298292	39.9392222213	349	-2233.15196608
14.0956560029	39.9390131062	350	-2224.80375373
14.1073821047	39.9388028098	351	-2175.17143923
14.1191081342	39.9385913322	352	-2046.84156194
14.1308340911	39.9383786733	353	-1849.71225591
14.1425599749	39.9381648333	354	-1636.10860715
14.1542857851	39.937949812	355	-1550.35716382
14.1660115215	39.9377336096	356	-1548.07803557
14.1777371836	39.937516226	357	-1571.80332674
14.189462771	39.9372976613	358	-1544.38017709
14.2011882834	39.9370779154	359	-1516.66251724
14.2129137202	39.9368569885	360	-1500.30452333
14.224639081	39.9366348804	361	-1488.69534695
14.2363643656	39.9364115913	362	-1411.43299199
14.2480895735	39.9361871211	363	-1315.95875721
14.2598147042	39.9359614698	364	-1228.04638639
14.2715397575	39.9357346376	365	-1178.53091157
14.2832647328	39.9355066243	366	-1162.74894869
14.2949896298	39.93527743	367	-1170.56503457
14.306714448	39.9350470548	368	-1189.95025108
14.3184391871	39.9348154986	369	-1210.03959345
14.3301638467	39.9345827615	370	-1247.34098065
14.3418884263	39.9343488434	371	-1305.42333787
14.3536129256	39.9341137445	372	-1375.02746553
14.3653373441	39.9338774647	373	-1453.76459814
14.3770616815	39.933640004	374	-1514.81167067
14.3887859373	39.9334013624	375	-1510.2999225
14.4005101111	39.9331615401	376	-1494.42993285
14.4122342026	39.9329205369	377	-1458.42789262
14.4239582114	39.9326783529	378	-1397.99923462
14.4356821369	39.9324349881	379	-1332.63139599
14.4474059789	39.9321904426	380	-1262.61278334
14.4591297369	39.9319447164	381	-1183.23483642
14.4708534106	39.9316978094	382	-1071.6531815
14.4825769994	39.9314497218	383	-994.241617237
14.4943005031	39.9312004534	384	-959.889157334
14.5060239212	39.9309500044	385	-972.569952581
14.5177472533	39.9306983748	386	-982.295662395
14.529470499	39.9304455645	387	-954.333422815
14.5411936579	39.9301915737	388	-890.436873673
14.55	39.93	388.751	-919.798757522
>  14.55, 39.93, B, -W1p,black
14.55	39.93	388.751	-919.798757522
14.5573988026	39.9369779005	389.751	-926.036310137
14.5647991142	39.9439553307	390.751	-877.855645945
14.5722009352	39.9509322902	391.751	-775.646015332
14.5796042663	39.957908779	392.751	-666.913368019
14.5870091081	39.9648847967	393.751	-561.120687424
14.5944154611	39.9718603433	394.751	-512.502917745
14.601823326	39.9788354184	395.751	-503.470089372
14.6092327032	39.9858100218	396.751	-521.757270855
14.6166435934	39.9927841534	397.751	-609.991926116
14.6240559972	39.999757813	398.751	-686.600890664
14.6314699152	40.0067310002	399.751	-747.825346057
14.6388853478	40.0137037149	400.751	-832.133316923
14.6463022958	40.0206759569	401.751	-878.8875239
14.6537207596	40.027647726	402.751	-883.180467808
14.6611407399	40.034619022	403.751	-870.479602473
14.6685622373	40.0415898446	404.751	-692.564320301
14.6759852523	40.0485601936	405.751	-551.592840742
14.6834097855	40.0555300689	406.751	-438.277930791
14.6908358374	40.0624994702	407.751	-381.83603262
14.6982634088	40.0694683972	408.751	-387.003678579
14.7056925002	40.0764368499	409.751	-343.860890773
14.713123112	40.0834048278	410.751	-305.669149816
14.720555245	40.090372331	411.751	-280.245308061
14.7279888998	40.0973393591	412.751	-271.215044529
14.7354240768	40.1043059119	413.751	-280.928824852
14.7428607767	40.1112719892	414.751	-271.543641988
14.750299	40.1182375908	415.751	-209.509724452
14.7577387474	40.1252027164	416.751	-190.280090127
14.7651800194	40.1321673659	417.751	-216.620533502
14.7726228167	40.1391315391	418.751	-221.788767378
14.7800671397	40.1460952357	419.751	-203.332353587
14.7875129891	40.1530584555	420.751	-168.713081565
14.7949603655	40.1600211983	421.751	-143.308391039
14.8024092694	40.1669834639	422.751	-128.395809765
14.8098597015	40.1739452521	423.751	-122.087986463
14.8173116623	40.1809065626	424.751	-123.658244168
14.8247651524	40.1878673953	425.751	-120.932008991
14.8322201724	40.1948277499	426.751	-120.458766787
14.8396767229	40.2017876261	427.751	-118.135586139
14.8471348045	40.2087470239	428.751	-104.184057669
14.8545944177	40.2157059429	429.751	-85.3246779325
14.8620555631	40.222664383	430.751	-72.3688361205
14.8695182414	40.229622344	431.751	-56.7638913043
14.8769824531	40.2365798255	432.751	-34.8427660108
14.8844481988	40.2435368275	433.751	-14.855501955
14.8919154791	40.2504933497	434.751	-12.7894769484
14.8993842946	40.2574493918	435.751	-17.8683144821
14.9068546458	40.2644049537	436.751	-26.3709572213
14.9143265333	40.2713600351	437.751	-29.754810154
14.9217999579	40.2783146359	438.751	-38.7216435677
14.9292749199	40.2852687557	439.751	-50.1167752108
14.9367514201	40.2922223944	440.751	-38.1845949147
14.9442294589	40.2991755519	441.751	-8.46776340612
14.9517090371	40.3061282277	442.751	36.0848524218
14.9591901551	40.3130804218	443.751	117.020109843
14.9666728136	40.3200321339	444.751	172.958942914
14.9741570132	40.3269833639	445.751	99.0745997612
14.9816427544	40.3339341113	446.751	47.9310360617
14.9891300379	40.3408843762	447.751	38.7898768885
14.9966188642	40.3478341582	448.751	24.6706004988
15.0041092339	40.3547834571	449.751	53.0064581434
15.0116011476	40.3617322728	450.751	110.966294461
15.019094606	40.3686806049	451.751	155.521629372
15.0265896095	40.3756284533	452.751	108.742212737
15.0340861588	40.3825758178	453.751	30.9411717201
15.0415842545	40.3895226981	454.751	21.6030637492
15.0490838971	40.396469094	455.751	32.0568338011
15.0565850873	40.4034150053	456.751	74.4650658409
15.0640878257	40.4103604318	457.751	166.933491947
15.0715921128	40.4173053732	458.751	319.586966098
15.0790979492	40.4242498294	459.751	485.485137484
15.0866053355	40.4311938001	460.751	725.338295763
15.0941142724	40.4381372851	461.751	782.936164233
15.1016247604	40.4450802841	462.751	545.312844679
15.1091368	40.4520227971	463.751	256.615059207
15.116650392	40.4589648237	464.751	82.0891770835
15.1241655368	40.4659063637	465.751	154.845914194
15.1316822352	40.4728474169	466.751	224.123091858
15.1392004876	40.4797879831	467.751	159.135850427
15.1467202946	40.486728062	468.751	156.797172206
15.154241657	40.4936676535	469.751	223.106877712
15.1617645752	40.5006067573	470.751	278.693398904
15.1692890498	40.5075453732	471.751	226.63655347
15.1768150815	40.514483501	472.751	127.372862838
15.1843426708	40.5214211404	473.751	91.4197730196
15.1918718184	40.5283582913	474.751	141.684998244
15.1994025247	40.5352949534	475.751	230.713818602
15.2069347905	40.5422311265	476.751	348.011585807
15.2144686164	40.5491668103	477.751	452.81151803
15.2220040028	40.5561020048	478.751	511.811458228
15.2295409504	40.5630367095	479.751	537.780884102
15.2370794599	40.5699709244	480.751	504.367981269
15.2446195317	40.5769046491	481.751	410.11503603
15.2521611666	40.5838378835	482.751	379.840607577
15.259704365	40.5907706274	483.751	258.643222795
15.2672491276	40.5977028805	484.751	126.727783362
15.2747954551	40.6046346425	485.751	147.367191285
15.2823433479	40.6115659134	486.751	174.764774595
15.2898928066	40.6184966928	487.751	191.399908264
15.297443832	40.6254269806	488.751	219.231402804
15.3049964245	40.6323567764	489.751	246.22054965
15.3125505848	40.6392860802	490.751	325.031584912
15.3201063135	40.6462148916	491.751	421.008725381
15.3276636112	40.6531432105	492.751	449.711915085
15.3352224784	40.6600710366	493.751	433.796698374
15.3427829157	40.6669983696	494.751	419.460764339
15.3503449239	40.6739252095	495.751	521.472387982
15.3579085034	40.6808515559	496.751	678.494734401
15.3654736549	40.6877774087	497.751	880.611277724
15.3730403789	40.6947027675	498.751	856.582948458
15.3806086761	40.7016276322	499.751	970.644141113
15.388178547	40.7085520026	500.751	1112.99873599
15.3957499923	40.7154758784	501.751	998.224028194
15.4033230126	40.7223992595	502.751	1009.64224568
15.4108976084	40.7293221455	503.751	1142.88562983
15.4184737804	40.7362445363	504.751	1165.64480259
15.4260515291	40.7431664316	505.751	998.454863233
15.4336308552	40.7500878312	506.751	743.567018154
15.4412117593	40.757008735	507.751	653.88995999
15.4487942419	40.7639291426	508.751	649.251888595
15.4563783037	40.7708490538	509.751	642.847778058
15.4639639453	40.7777684684	510.751	803.925629205
15.4715511672	40.7846873863	511.751	1014.19486192
15.4791399701	40.7916058071	512.751	1069.06194199
15.4867303546	40.7985237307	513.751	1143.85710922
15.4943223212	40.8054411567	514.751	1146.53165721
15.5019158706	40.8123580851	515.751	1091.9416982
15.5095110034	40.8192745155	516.751	1033.9382312
15.5171077202	40.8261904478	517.751	912.535907343
15.5247060215	40.8331058817	518.751	797.064825162
15.532305908	40.840020817	519.751	689.85848019
15.5399073803	40.8469352534	520.751	638.278776491
15.5475104391	40.8538491908	521.751	596.989417772
15.5551150848	40.8607626289	522.751	636.79861704
15.5627213181	40.8676755675	523.751	586.455007627
15.5703291396	40.8745880063	524.751	472.008268701
15.5779385499	40.8814999452	525.751	457.877009268
15.5855495496	40.8884113839	526.751	548.993127294
15.5931621394	40.8953223221	527.751	647.978388895
15.6007763197	40.9022327598	528.751	708.857970718
15.6083920913	40.9091426965	529.751	764.829117018
15.6160094547	40.9160521322	530.751	800.838547798
15.6236284106	40.9229610665	531.751	895.939377349
15.6312489595	40.9298694993	532.751	971.465707522
15.638871102	40.9367774303	533.751	988.226925619
15.6464948388	40.9436848592	534.751	975.683319632
15.6541201705	40.950591786	535.751	815.958474837
15.6617470976	40.9574982103	536.751	656.430633554
15.6693756208	40.9644041319	537.751	526.527797073
15.6770057407	40.9713095506	538.751	443.487413315
15.6846374578	40.9782144661	539.751	435.550083612
15.6922707728	40.9851188783	540.751	428.933399903
15.6999056864	40.9920227869	541.751	381.704790495
15.707542199	40.9989261916	542.751	364.784713512
15.7151803114	41.0058290923	543.751	335.273309453
15.7228200241	41.0127314887	544.751	260.946663797
15.7304613377	41.0196333806	545.751	217.108489892
15.7381042528	41.0265347678	546.751	192.798430456
15.7457487701	41.0334356499	547.751	210.484342661
15.7533948901	41.0403360269	548.751	238.441949705
15.7610426135	41.0472358985	549.751	241.305729617
15.7686919409	41.0541352644	550.751	235.048146998
15.7763428729	41.0610341244	551.751	217.732140461
15.78399541	41.0679324783	552.751	190.519658357
15.7916495529	41.0748303258	553.751	169.239323355
15.7993053023	41.0817276668	554.751	154.869292641
15.8069626586	41.088624501	555.751	146.555540009
15.8146216226	41.0955208281	556.751	138.337935297
15.8222821949	41.102416648	557.751	129.39049863
15.8299443759	41.1093119604	558.751	123.832527151
15.8376081665	41.1162067651	559.751	118.740679764
15.845273567	41.1231010618	560.751	113.725268415
15.8529405783	41.1299948503	561.751	107.674455028
15.8606092009	41.1368881304	562.751	113.115689514
15.8682794353	41.1437809019	563.751	112.404351636
15.8759512823	41.1506731645	564.751	105.854074661
15.8836247424	41.157564918	565.751	103.298322682
15.8912998162	41.1644561622	566.751	118.619018701
15.8989765044	41.1713468968	567.751	138.882701122
15.9066548076	41.1782371216	568.751	152.112514234
15.9143347263	41.1851268364	569.751	134.097559196
15.9220162612	41.1920160409	570.751	114.695293917
15.9296994128	41.1989047349	571.751	113.851206481
15.9373841819	41.2057929182	572.751	118.586450072
15.9450705691	41.2126805906	573.751	111.992568522
15.9527585748	41.2195677518	574.751	101.001686906
15.9604481998	41.2264544015	575.751	91.1829536066
15.9681394447	41.2333405397	576.751	90.9872237123
15.97583231	41.2402261659	577.751	102.519581761
15.9835267965	41.24711128	578.751	109.530169913
15.9912229046	41.2539958818	579.751	106.474781341
15.998920635	41.260879971	580.751	99.2068317109
16.0066199884	41.2677635474	581.751	98.8095372926
16.0143209654	41.2746466107	582.751	94.0996365683
16.0220235664	41.2815291608	583.751	81.9620800884
16.0297277923	41.2884111974	584.751	75.9534438678
16.0374336436	41.2952927202	585.751	69.8462454813
16.0451411209	41.3021737291	586.751	62.7521384178
16.0528502247	41.3090542238	587.751	47.8957882942
16.0605609559	41.315934204	588.751	37.3298508203
16.0682733149	41.3228136696	589.751	28.5096152814
16.0759873023	41.3296926202	590.751	19.4789588124
16.0837029189	41.3365710557	591.751	14.418512842
16.0914201651	41.3434489759	592.751	11.6150927071
16.0991390417	41.3503263804	593.751	10.9330724919
16.1068595492	41.3572032691	594.751	5.66589691413
16.11	41.36	595.158	-5.68403540375
>  16.11, 41.36, C, -W1p,white
16.11	41.36	595.158	-5.68403540375
16.1210635738	41.356547837	596.158	-22.9800880389
16.132125974	41.3530946146	597.158	-12.9321106807
16.1431872003	41.3496403329	598.158	2.42683838441
16.1542472528	41.3461849924	599.158	5.91242724673
16.1653061313	41.3427285931	600.158	5.48409500378
16.1763638357	41.3392711354	601.158	4.72818966294
16.187420366	41.3358126195	602.158	-1.51896114068
16.1984757221	41.3323530455	603.158	4.97656362389
16.2095299038	41.3288924139	604.158	7.00366247099
16.220582911	41.3254307247	605.158	8.10153567747
16.2316347438	41.3219679783	606.158	12.3086604182
16.2426854019	41.3185041749	607.158	14.7308599247
16.2537348854	41.3150393147	608.158	0.0281052880258
16.264783194	41.311573398	609.158	13.0834613899
16.2758303278	41.3081064249	610.158	24.1050140746
16.2868762866	41.3046383959	611.158	20.9970148032
16.2979210704	41.301169311	612.158	20.6085495217
16.3089646789	41.2976991706	613.158	17.9646392848
16.3200071123	41.2942279748	614.158	18.2089115069
16.3310483703	41.290755724	615.158	22.0540572292
16.342088453	41.2872824183	616.158	18.8614178094
16.3531273601	41.283808058	617.158	22.3665527751
16.3641650916	41.2803326433	618.158	27.3632502646
16.3752016474	41.2768561745	619.158	31.6820077354
16.3862370275	41.2733786519	620.158	27.1798191374
16.3972712318	41.2699000756	621.158	22.6565488431
16.40830426	41.2664204459	622.158	23.7096905698
16.4193361123	41.2629397631	623.158	25.0697632732
16.4303667885	41.2594580273	624.158	23.6437727891
16.4413962884	41.2559752389	625.158	23.5984982314
16.4524246121	41.2524913981	626.158	18.0425862192
16.4634517594	41.249006505	627.158	19.2378723532
16.4744777302	41.24552056	628.158	25.6451293811
16.4855025246	41.2420335634	629.158	28.9641324011
16.4965261422	41.2385455152	630.158	26.6736417757
16.5075485832	41.2350564158	631.158	21.8799002164
16.5185698474	41.2315662655	632.158	18.752277121
16.5295899347	41.2280750644	633.158	16.4972432039
16.5406088451	41.2245828128	634.158	14.2575746804
16.5516265784	41.2210895109	635.158	14.7524952651
16.5626431345	41.217595159	636.158	9.40299896923
16.5736585135	41.2140997574	637.158	-1.59466555039
16.5846727152	41.2106033062	638.158	-2.13615489374
16.5956857395	41.2071058057	639.158	2.41827697585
16.6066975863	41.2036072562	640.158	6.20286174626
16.6177082556	41.2001076578	641.158	2.3200740321
16.6287177473	41.1966070109	642.158	-2.97339844308
16.6397260612	41.1931053157	643.158	-1.51844311609
16.6507331974	41.1896025724	644.158	4.98651464727
16.6617391557	41.1860987812	645.158	11.5618335332
16.6727439361	41.1825939425	646.158	13.966264819
16.6837475384	41.1790880563	647.158	10.9452060601
16.6947499627	41.1755811231	648.158	7.84052468973
16.7057512087	41.172073143	649.158	10.03461976
16.7167512765	41.1685641162	650.158	14.3444464279
16.7277501659	41.1650540431	651.158	15.9210354363
16.7387478769	41.1615429237	652.158	16.2204740668
16.7497444094	41.1580307585	653.158	17.5487709481
16.7607397633	41.1545175476	654.158	17.8078691864
16.7717339386	41.1510032913	655.158	17.2889570143
16.7827269351	41.1474879898	656.158	13.9355735766
16.7937187527	41.1439716433	657.158	7.98357026783
16.8047093915	41.1404542522	658.158	4.36810898975
16.8156988513	41.1369358166	659.158	1.39818371217
16.8266871321	41.1334163367	660.158	2.51085459078
16.8376742337	41.1298958129	661.158	4.49486887761
16.8486601562	41.1263742453	662.158	5.37048458251
16.8596448993	41.1228516342	663.158	8.79564012813
16.8706284631	41.1193279799	664.158	13.9414473531
16.8816108474	41.1158032826	665.158	10.5550924735
16.8925920523	41.1122775425	666.158	5.81560741998
16.9035720775	41.1087507598	667.158	8.20624159104
16.9145509231	41.1052229349	668.158	12.7728091685
16.925528589	41.1016940679	669.158	18.6216412396
16.936505075	41.0981641591	670.158	14.7331103695
16.9474803811	41.0946332088	671.158	12.285555412
16.9584545073	41.0911012171	672.158	12.7978146502
16.9694274535	41.0875681843	673.158	19.8413684291
16.9803992195	41.0840341107	674.158	23.5104152025
16.9913698054	41.0804989965	675.158	22.9848429614
17.002339211	41.076962842	676.158	25.8621865988
17.0133074363	41.0734256473	677.158	28.9140266318
17.0242744811	41.0698874127	678.158	30.6133174351
17.0352403455	41.0663481386	679.158	28.3289349961
17.0462050294	41.062807825	680.158	25.5561847643
17.0571685326	41.0592664723	681.158	25.6043773947
17.0681308552	41.0557240806	682.158	25.6882930839
17.0790919969	41.0521806503	683.158	25.3596752197
17.0900519579	41.0486361816	684.158	23.0794848912
17.1010107379	41.0450906747	685.158	23.0586815319
17.111968337	41.0415441298	686.158	20.1798438873
17.122924755	41.0379965473	687.158	13.3080038551
17.1338799919	41.0344479273	688.158	14.0583929665
17.1448340476	41.03089827	689.158	14.0864669883
17.155786922	41.0273475758	690.158	15.2932099038
17.1667386152	41.0237958449	691.158	16.7255716893
17.1776891269	41.0202430774	692.158	11.7710406213
17.1886384572	41.0166892737	693.158	-0.840536584834
17.1995866059	41.013134434	694.158	-12.0483991428
17.210533573	41.0095785586	695.158	-17.1072740279
17.2214793584	41.0060216476	696.158	-15.1503861375
17.2324239621	41.0024637013	697.158	-22.9352641334
17.24	41	697.85	-35.0729066075
>  17.24, 41.00, D, -W1p,black
17.24	41	697.85	-35.0729066075
17.246189635	41.0076849551	698.85	-51.9539767139
17.2523807139	41.0153695791	699.85	-56.2839274375
17.2585732374	41.0230538718	700.85	-62.1127896595
17.2647672061	41.0307378329	701.85	-70.7239588052
17.2709626207	41.0384214624	702.85	-85.6490298211
17.2771594818	41.04610476	703.85	-96.616272408
17.2833577902	41.0537877257	704.85	-101.714405153
17.2895575465	41.0614703591	705.85	-101.007049078
17.2957587513	41.0691526603	706.85	-100.506635577
17.3019614054	41.0768346289	707.85	-105.262876716
17.3081655094	41.0845162648	708.85	-116.6454778
17.3143710639	41.0921975679	709.85	-125.041679653
17.3205780697	41.099878538	710.85	-125.558633367
17.3267865273	41.1075591749	711.85	-125.752152787
17.3329964376	41.1152394785	712.85	-126.410561849
17.3392078011	41.1229194486	713.85	-125.989479306
17.3454206185	41.1305990849	714.85	-131.356890475
17.3516348905	41.1382783875	715.85	-156.040899981
17.3578506178	41.145957356	716.85	-192.964383615
17.364067801	41.1536359903	717.85	-211.165913105
17.3702864408	41.1613142902	718.85	-237.047217943
17.3765065378	41.1689922557	719.85	-280.438532154
17.3827280929	41.1766698864	720.85	-334.215970782
17.3889511065	41.1843471823	721.85	-365.552694995
17.3951755794	41.1920241431	722.85	-384.855702889
17.4014015123	41.1997007688	723.85	-401.52415234
17.4076289058	41.207377059	724.85	-438.250794641
17.4138577606	41.2150530137	725.85	-547.137113045
17.4200880775	41.2227286328	726.85	-656.824085428
17.4263198569	41.2304039159	727.85	-747.928802371
17.4325530998	41.238078863	728.85	-802.43014902
17.4387878066	41.2457534739	729.85	-830.478696391
17.4450239781	41.2534277483	730.85	-851.237874801
17.4512616149	41.2611016863	731.85	-878.380799852
17.4575007178	41.2687752875	732.85	-897.798682778
17.4637412875	41.2764485518	733.85	-907.990447741
17.4699833245	41.284121479	734.85	-917.791670062
17.4762268295	41.291794069	735.85	-930.071055311
17.4824718034	41.2994663215	736.85	-946.21909924
17.4887182466	41.3071382365	737.85	-960.486229808
17.49496616	41.3148098138	738.85	-985.336604383
17.5012155441	41.3224810531	739.85	-1017.61882945
17.5074663997	41.3301519543	740.85	-1043.0416272
17.5137187274	41.3378225173	741.85	-1058.00064593
17.5199725279	41.3454927418	742.85	-1065.77776659
17.5262278019	41.3531626278	743.85	-1077.88928751
17.5324845501	41.3608321749	744.85	-1091.68568087
17.5387427732	41.3685013831	745.85	-1102.69793211
17.5450024718	41.3761702522	746.85	-1109.34433318
17.5512636466	41.383838782	747.85	-1114.61367195
17.5575262983	41.3915069723	748.85	-1119.65681953
17.5637904276	41.399174823	749.85	-1120.75465049
17.5700560351	41.4068423339	750.85	-1118.33786416
17.5763231216	41.4145095048	751.85	-1119.21916066
17.5825916878	41.4221763355	752.85	-1121.04789051
17.5888617342	41.429842826	753.85	-1121.08267534
17.5951332616	41.4375089759	754.85	-1124.99094426
17.6014062707	41.4451747852	755.85	-1132.08326754
17.6076807622	41.4528402536	756.85	-1138.94153024
17.6139567367	41.460505381	757.85	-1142.80754382
17.6202341949	41.4681701673	758.85	-1142.76267036
17.6265131376	41.4758346122	759.85	-1146.08942096
17.6327935653	41.4834987155	760.85	-1149.23297652
17.6390754789	41.4911624772	761.85	-1150.6442944
17.6453588789	41.4988258969	762.85	-1152.34895948
17.6516437661	41.5064889747	763.85	-1157.51584112
17.6579301411	41.5141517102	764.85	-1159.30211807
17.6642180046	41.5218141033	765.85	-1158.69036493
17.6705073574	41.5294761538	766.85	-1155.55765469
17.6767982	41.5371378616	767.85	-1157.33887249
17.6830905333	41.5447992265	768.85	-1167.78811803
17.6893843578	41.5524602483	769.85	-1171.83050312
17.6956796743	41.5601209268	770.85	-1176.75199251
17.7019764835	41.5677812619	771.85	-1183.40462673
17.708274786	41.5754412534	772.85	-1187.06195309
17.7145745826	41.583100901	773.85	-1187.07586107
17.7208758738	41.5907602048	774.85	-1183.59763672
17.7271786605	41.5984191644	775.85	-1185.21351179
17.7334829433	41.6060777797	776.85	-1188.4994669
17.7397887229	41.6137360505	777.85	-1187.58125788
17.746096	41.6213939766	778.85	-1186.76765651
17.7524047753	41.629051558	779.85	-1189.51915263
17.7587150495	41.6367087943	780.85	-1195.17844158
17.7650268232	41.6443656854	781.85	-1203.07834049
17.7713400971	41.6520222312	782.85	-1208.31827612
17.7776548721	41.6596784314	783.85	-1209.0392038
17.7839711486	41.667334286	784.85	-1207.03976922
17.7902889275	41.6749897946	785.85	-1206.49202476
17.7966082094	41.6826449572	786.85	-1206.00732122
17.8029289951	41.6902997736	787.85	-1208.78713443
17.8092512852	41.6979542436	788.85	-1210.19684488
17.8155750804	41.7056083669	789.85	-1207.77309675
17.8219003814	41.7132621436	790.85	-1188.81105593
17.8282271889	41.7209155732	791.85	-1180.98461641
17.8345555036	41.7285686558	792.85	-1197.06082627
17.8408853262	41.7362213911	793.85	-1211.91155711
17.8472166574	41.7438737789	794.85	-1216.84752652
17.8535494978	41.7515258191	795.85	-1220.34778477
17.8598838483	41.7591775115	796.85	-1218.66051132
17.8662197095	41.7668288558	797.85	-1218.51778271
17.872557082	41.774479852	798.85	-1215.22019746
17.8788959666	41.7821304999	799.85	-1216.27994669
17.885236364	41.7897807992	800.85	-1220.12356237
17.8915782749	41.7974307498	801.85	-1219.10463837
17.8979216999	41.8050803516	802.85	-1219.38171351
17.9042666398	41.8127296043	803.85	-1222.66218691
17.9106130953	41.8203785078	804.85	-1225.75956687
17.9169610671	41.8280270618	805.85	-1222.39007932
17.9233105559	41.8356752663	806.85	-1220.07922969
17.9296615623	41.843323121	807.85	-1224.20230419
17.9360140871	41.8509706258	808.85	-1226.12052252
17.942368131	41.8586177805	809.85	-1231.63425917
17.9487236947	41.8662645848	810.85	-1232.54651118
17.9550807788	41.8739110387	811.85	-1224.99087609
17.9614393841	41.8815571419	812.85	-1223.10232496
17.9677995114	41.8892028943	813.85	-1224.40591147
17.9741611612	41.8968482957	814.85	-1226.75651947
17.9805243343	41.9044933459	815.85	-1229.86959028
17.9868890314	41.9121380448	816.85	-1226.24348827
17.9932552532	41.9197823921	817.85	-1221.69842206
17.9996230005	41.9274263877	818.85	-1227.09999473
18.0059922738	41.9350700313	819.85	-1232.11270189
18.012363074	41.9427133229	820.85	-1227.34472326
18.0187354016	41.9503562623	821.85	-1223.38423142
18.0251092576	41.9579988492	822.85	-1228.24953221
18.0314846424	41.9656410835	823.85	-1226.39113722
18.0378615569	41.9732829649	824.85	-1225.37058249
18.0442400017	41.9809244935	825.85	-1226.93841158
18.0506199776	41.9885656688	826.85	-1227.54266168
18.0570014853	41.9962064908	827.85	-1223.86264174
18.0633845254	42.0038469593	828.85	-1226.81396224
18.0697690987	42.0114870742	829.85	-1227.92222504
18.0761552059	42.0191268351	830.85	-1221.65917312
18.0825428477	42.026766242	831.85	-1215.10594468
18.0889320248	42.0344052946	832.85	-1213.6846082
18.0953227379	42.0420439929	833.85	-1209.49970777
18.1017149878	42.0496823365	834.85	-1204.44947287
18.1081087751	42.0573203254	835.85	-1196.19112451
18.1145041005	42.0649579593	836.85	-1182.2025397
18.1209009648	42.0725952381	837.85	-1164.74005358
18.1272993686	42.0802321616	838.85	-1153.82197725
18.1336993128	42.0878687295	839.85	-1146.97909008
18.1401007979	42.0955049418	840.85	-1142.74187895
18.1465038247	42.1031407983	841.85	-1140.51800408
18.152908394	42.1107762987	842.85	-1138.02883797
18.1593145063	42.1184114428	843.85	-1131.49942938
18.1657221626	42.1260462306	844.85	-1120.9550677
18.1721313634	42.1336806618	845.85	-1107.49347779
18.1785421094	42.1413147362	846.85	-1089.499691
18.1849544014	42.1489484537	847.85	-1067.48538338
18.1913682402	42.156581814	848.85	-1045.06543339
18.1977836263	42.1642148171	849.85	-1022.66803875
18.2042005606	42.1718474626	850.85	-999.785697587
18.2106190438	42.1794797505	851.85	-978.719266861
18.2170390765	42.1871116805	852.85	-961.022469485
18.2234606594	42.1947432525	853.85	-940.626181981
18.2298837934	42.2023744662	854.85	-917.193722181
18.2363084791	42.2100053216	855.85	-886.795099855
18.2427347172	42.2176358183	856.85	-839.90008598
18.2491625085	42.2252659563	857.85	-785.467837275
18.2555918536	42.2328957354	858.85	-731.746049229
18.2620227533	42.2405251553	859.85	-675.344914841
18.2684552083	42.2481542159	860.85	-612.662735416
18.2748892194	42.255782917	861.85	-547.781053035
18.2813247871	42.2634112584	862.85	-484.062758379
18.2877619124	42.2710392399	863.85	-424.844236526
18.2942005958	42.2786668614	864.85	-374.824856291
18.3006408381	42.2862941227	865.85	-333.329157414
18.3070826401	42.2939210235	866.85	-303.875986805
18.3135260024	42.3015475638	867.85	-286.468308342
18.3199709257	42.3091737432	868.85	-279.861469918
18.3264174109	42.3167995617	869.85	-278.618055199
18.3328654586	42.3244250191	870.85	-278.44175135
18.3393150694	42.3320501151	871.85	-265.631425591
18.3457662443	42.3396748495	872.85	-249.365499451
18.3522189838	42.3472992223	873.85	-229.609684025
18.3586732888	42.3549232332	874.85	-207.56007553
18.3651291598	42.362546882	875.85	-187.965092729
18.3715865977	42.3701701685	876.85	-167.113393683
18.3780456032	42.3777930926	877.85	-155.687358435
18.384506177	42.3854156541	878.85	-152.969131089
18.3909683198	42.3930378528	879.85	-147.281487465
18.3974320324	42.4006596884	880.85	-136.971557978
18.4038973154	42.4082811609	881.85	-124.836216479
18.4103641697	42.41590227	882.85	-120.008787777
18.4168325959	42.4235230156	883.85	-120.859747093
18.4233025947	42.4311433974	884.85	-88.6232206614
18.4297741669	42.4387634153	885.85	-11.1985140505
18.4362473133	42.4463830691	886.85	14.3788372214
18.4427220344	42.4540023585	887.85	78.2698905317
18.4491983312	42.4616212835	888.85	226.042726465
18.4556762042	42.4692398439	889.85	250.671243208
18.4621556543	42.4768580393	890.85	134.85670681
18.4686366822	42.4844758698	891.85	247.217120032
18.4751192885	42.492093335	892.85	430.005953696
18.481603474	42.4997104348	893.85	473.277460746
18.4880892395	42.5073271689	894.85	553.90806644
18.4945765857	42.5149435373	895.85	714.645238884
18.5010655133	42.5225595398	896.85	876.5841093
18.507556023	42.530175176	897.85	995.851649111
18.5140481156	42.5377904459	898.85	1051.56722344
18.5205417918	42.5454053493	899.85	1110.76927913
18.5270370523	42.5530198859	900.85	1232.27389385
18.533533898	42.5606340557	901.85	1454.8284388
18.5400323294	42.5682478583	902.85	1597.26252596
18.5465323473	42.5758612937	903.85	1616.74376009
18.5530339526	42.5834743616	904.85	1541.64074533
18.5595371458	42.5910870618	905.85	1550.03069371
18.5660419278	42.5986993942	906.85	1485.13398433
18.5725482993	42.6063113585	907.85	1349.37641668
18.579056261	42.6139229546	908.85	1244.51951405
18.5855658136	42.6215341823	909.85	1261.36853508
18.5920769579	42.6291450414	910.85	1261.04100508
18.5985896947	42.6367555317	911.85	1197.77035869
18.6051040246	42.644365653	912.85	1080.98939552
18.6116199484	42.6519754052	913.85	912.390203186
18.6181374668	42.659584788	914.85	846.49707807
18.6246565806	42.6671938013	915.85	834.037777687
18.6311772905	42.6748024448	916.85	905.007631965
18.6376995973	42.6824107184	917.85	972.906891753
18.6442235016	42.6900186219	918.85	1031.79859896
18.6507490043	42.6976261551	919.85	1027.60138875
18.657276106	42.7052333178	920.85	961.52261441
18.6638048076	42.7128401098	921.85	939.54040104
18.6703351097	42.7204465309	922.85	933.553440158
18.6768670131	42.728052581	923.85	938.791773814
18.6834005185	42.7356582598	924.85	931.406515871
18.6899356267	42.7432635672	925.85	883.85540312
18.6964723384	42.750868503	926.85	826.115826243
18.7030106544	42.758473067	927.85	855.483449308
18.7095505753	42.7660772589	928.85	882.413219285
18.716092102	42.7736810786	929.85	865.167244564
18.7226352352	42.781284526	930.85	853.801942584
18.7291799756	42.7888876007	931.85	852.78013537
18.735726324	42.7964903027	932.85	861.872066965
18.7422742811	42.8040926317	933.85	897.616367759
18.7488238477	42.8116945876	934.85	951.933237456
18.7553750245	42.8192961701	935.85	942.474154264
18.7619278122	42.8268973791	936.85	892.948928739
18.7684822116	42.8344982144	937.85	877.35937014
18.7750382235	42.8420986757	938.85	946.558701481
18.7815958485	42.849698763	939.85	1084.18290668
18.7881550875	42.8572984759	940.85	1238.53687392
18.7947159412	42.8648978143	941.85	1353.18013831
18.8012784103	42.8724967781	942.85	1306.11770635
18.8078424956	42.8800953669	943.85	1085.10316946
18.8144081978	42.8876935807	944.85	942.100451403
18.8209755177	42.8952914193	945.85	958.664977749
18.827544456	42.9028888824	946.85	1001.77584573
18.8341150135	42.9104859698	947.85	1062.49923024
18.8406871909	42.9180826814	948.85	1132.62053
18.847260989	42.925679017	949.85	1197.29283973
18.8538364085	42.9332749763	950.85	1273.4633482
18.8604134502	42.9408705592	951.85	1365.70616849
18.8669921148	42.9484657655	952.85	1423.10243332
18.8735724031	42.956060595	953.85	1391.58340655
18.8801543159	42.9636550475	954.85	1315.84721432
18.8867378538	42.9712491229	955.85	1225.6713771
18.8933230176	42.9788428208	956.85	1161.95020435
18.8999098082	42.9864361411	957.85	1086.29195537
18.9064982262	42.9940290837	958.85	1008.08095813
18.9130882723	43.0016216483	959.85	1047.44621517
18.9196799475	43.0092138348	960.85	1124.80398454
18.9262732523	43.0168056429	961.85	1112.73116394
18.9328681876	43.0243970725	962.85	1112.81817026
18.9394647541	43.0319881233	963.85	1222.45933408
18.9460629526	43.0395787952	964.85	1410.93542157
18.9526627838	43.0471690879	965.85	1600.69361981
18.9592642485	43.0547590014	966.85	1753.8151383
18.9658673474	43.0623485353	967.85	1831.4167161
18.9724720813	43.0699376895	968.85	1749.71251972
18.979078451	43.0775264638	969.85	1698.1987348
18.9856864571	43.085114858	970.85	1706.40058369
18.9922961006	43.0927028718	971.85	1770.70071812
18.9989073821	43.1002905052	972.85	1818.38371372
19.0055203023	43.1078777579	973.85	1847.43095526
19.0121348621	43.1154646298	974.85	1929.47310709
19.0187510622	43.1230511205	975.85	1972.51900907
19.0253689034	43.13063723	976.85	1988.40562663
19.0319883864	43.138222958	977.85	2120.59158262
19.038609512	43.1458083043	978.85	2114.07154375
19.0452322809	43.1533932687	979.85	1989.93142627
19.0518566939	43.1609778511	980.85	1964.04601554
19.0584827518	43.1685620513	981.85	1946.9949581
19.0651104553	43.176145869	982.85	1907.96823051
19.0717398053	43.183729304	983.85	1789.00340289
19.0783708023	43.1913123562	984.85	1462.09559884
19.0850034473	43.1988950254	985.85	1215.61862194
19.091637741	43.2064773113	986.85	1037.08643483
19.0982736841	43.2140592137	987.85	787.014082006
19.1049112775	43.2216407326	988.85	976.538629946
19.1115505218	43.2292218676	989.85	1225.03442542
19.1181914178	43.2368026186	990.85	1326.7453699
19.1248339664	43.2443829854	991.85	1232.823172
19.1314781682	43.2519629677	992.85	1262.90504595
19.1381240241	43.2595425654	993.85	1338.63292164
19.1447715347	43.2671217783	994.85	1387.77762311
19.151420701	43.2747006062	995.85	1567.15732738
19.1580715235	43.2822790489	996.85	1687.89714174
19.1647240032	43.2898571061	997.85	1667.14997719
19.1713781408	43.2974347778	998.85	1572.70837386
19.1780339369	43.3050120636	999.85	1377.64738304
19.1846913925	43.3125889635	1000.85	1239.72157885
19.1913505083	43.3201654771	1001.85	1171.84149336
19.198011285	43.3277416043	1002.85	1095.3626169
19.2046737235	43.3353173449	1003.85	1046.37027584
19.2113378244	43.3428926987	1004.85	1005.78141347
19.2180035886	43.3504676656	1005.85	950.213342887
19.2246710168	43.3580422452	1006.85	897.628430592
19.2313401098	43.3656164374	1007.85	833.223492626
19.2380108684	43.373190242	1008.85	771.373454634
19.2446832934	43.3807636588	1009.85	794.364246904
19.2513573854	43.3883366877	1010.85	856.324925702
19.2580331453	43.3959093283	1011.85	889.053423467
19.2647105739	43.4034815805	1012.85	942.818454665
19.271389672	43.4110534442	1013.85	1003.50941779
19.2780704402	43.418624919	1014.85	1035.61852538
19.2847528794	43.4261960048	1015.85	1088.04994158
19.2914369904	43.4337667015	1016.85	1187.42328221
19.2981227739	43.4413370087	1017.85	1183.30644537
19.3048102307	43.4489069264	1018.85	1034.68044579
19.3114993617	43.4564764542	1019.85	857.392049908
19.3181901674	43.464045592	1020.85	744.136226619
19.3248826488	43.4716143397	1021.85	705.904677466
19.3315768066	43.4791826969	1022.85	689.836760989
19.3382726416	43.4867506636	1023.85	714.235901611
19.3449701546	43.4943182394	1024.85	693.369864796
19.35	43.5	1025.6	648.603179189
>  19.35, 43.50, E, -W1p,yellow
19.35	43.5	1025.6	648.603179189
19.3623975783	43.5000765787	1026.6	708.912181557
19.3747951878	43.500151818	1027.6	868.669853455
19.387192828	43.5002257179	1028.6	1004.12996875
19.3995904982	43.5002982782	1029.6	946.802162586
19.4119881979	43.5003694991	1030.6	773.25449186
19.4243859266	43.5004393806	1031.6	622.693007756
19.4367836838	43.5005079225	1032.6	613.551782663
19.4491814688	43.500575125	1033.6	659.072493286
19.4615792811	43.5006409879	1034.6	753.480478664
19.4739771202	43.5007055114	1035.6	900.660382884
19.4863749855	43.5007686953	1036.6	937.076899848
19.4987728765	43.5008305398	1037.6	963.586645455
19.5111707926	43.5008910447	1038.6	1034.8465803
19.5235687333	43.5009502101	1039.6	1188.09990531
19.5359666981	43.5010080359	1040.6	1250.42667995
19.5483646862	43.5010645222	1041.6	1153.81260707
19.5607626974	43.501119669	1042.6	950.459258044
19.5731607309	43.5011734762	1043.6	787.376350239
19.5855587862	43.5012259439	1044.6	613.640678273
19.5979568628	43.5012770721	1045.6	520.370154582
19.6103549601	43.5013268606	1046.6	535.323820644
19.6227530776	43.5013753096	1047.6	631.621274102
19.6351512147	43.5014224191	1048.6	737.829472676
19.6475493709	43.5014681889	1049.6	883.838847402
19.6599475456	43.5015126192	1050.6	1031.1813585
19.6723457383	43.5015557099	1051.6	1044.89168177
19.6847439484	43.5015974611	1052.6	974.198075046
19.6971421753	43.5016378726	1053.6	941.726605984
19.7095404186	43.5016769445	1054.6	983.241862859
19.7219386777	43.5017146769	1055.6	982.821689984
19.734336952	43.5017510696	1056.6	1030.04796443
19.746735241	43.5017861227	1057.6	1041.56099195
19.7591335441	43.5018198363	1058.6	983.939557002
19.7715318607	43.5018522102	1059.6	959.753844065
19.7839301904	43.5018832445	1060.6	936.972171011
19.7963285325	43.5019129392	1061.6	935.909473311
19.8087268866	43.5019412943	1062.6	960.144081039
19.8211252521	43.5019683097	1063.6	931.954855109
19.8335236283	43.5019939856	1064.6	957.040772404
19.8459220149	43.5020183218	1065.6	970.152213134
19.8583204111	43.5020413184	1066.6	922.410679666
19.8707188165	43.5020629753	1067.6	968.112111986
19.8831172306	43.5020832926	1068.6	974.61647671
19.8955156527	43.5021022703	1069.6	980.937892134
19.9079140823	43.5021199084	1070.6	1042.79011241
19.920312519	43.5021362068	1071.6	1101.99204821
19.932710962	43.5021511656	1072.6	1141.68965212
19.9451094109	43.5021647847	1073.6	1171.54458479
19.9575078651	43.5021770642	1074.6	1207.62355132
19.9699063241	43.502188004	1075.6	1209.27159384
19.9823047873	43.5021976043	1076.6	1278.60591528
19.9947032541	43.5022058648	1077.6	1361.34679457
20.0071017241	43.5022127857	1078.6	1345.24675998
20.0195001967	43.502218367	1079.6	1347.27741536
20.0318986712	43.5022226086	1080.6	1243.16601154
20.0442971473	43.5022255106	1081.6	1074.74548678
20.0566956242	43.502227073	1082.6	977.306896216
20.0690941015	43.5022272957	1083.6	905.132001896
20.0814925787	43.5022261787	1084.6	875.205410811
20.0938910551	43.5022237221	1085.6	899.475487229
20.1062895302	43.5022199259	1086.6	990.803884819
20.1186880035	43.50221479	1087.6	1027.87643046
20.1310864744	43.5022083144	1088.6	958.637051578
20.1434849424	43.5022004992	1089.6	814.899377801
20.1558834068	43.5021913444	1090.6	727.697365557
20.1682818673	43.5021808499	1091.6	793.17771291
20.1806803231	43.5021690158	1092.6	904.059026576
20.1930787739	43.5021558421	1093.6	968.684853351
20.2054772189	43.5021413287	1094.6	893.700946857
20.2178756577	43.5021254756	1095.6	771.052589172
20.2302740897	43.502108283	1096.6	703.698247661
20.2426725144	43.5020897507	1097.6	752.415389111
20.2550709312	43.5020698787	1098.6	919.169786581
20.2674693395	43.5020486671	1099.6	1027.84631534
20.2798677389	43.5020261159	1100.6	1135.48326603
20.2922661287	43.5020022251	1101.6	1247.3518724
20.3046645085	43.5019769946	1102.6	1154.05388907
20.3170628776	43.5019504246	1103.6	1037.14487373
20.3294612355	43.5019225149	1104.6	947.775656142
20.3418595817	43.5018932655	1105.6	912.705556007
20.3542579155	43.5018626766	1106.6	910.046851153
20.3666562366	43.501830748	1107.6	968.917217523
20.3790545443	43.5017974799	1108.6	1010.51483977
20.391452838	43.5017628721	1109.6	959.633221841
20.4038511172	43.5017269247	1110.6	861.816823173
20.4162493814	43.5016896378	1111.6	748.193911076
20.42864763	43.5016510112	1112.6	697.746910081
20.4410458625	43.501611045	1113.6	781.957919984
20.4534440782	43.5015697393	1114.6	894.046297085
20.4658422768	43.5015270939	1115.6	1027.37286211
20.4782404575	43.501483109	1116.6	1080.77220615
20.4906386199	43.5014377845	1117.6	933.720814416
20.5030367634	43.5013911204	1118.6	708.732731674
20.5154348875	43.5013431168	1119.6	619.369557441
20.5278329916	43.5012937735	1120.6	683.460366858
20.5402310751	43.5012430908	1121.6	820.88748998
20.5526291376	43.5011910684	1122.6	900.775750528
20.5650271784	43.5011377066	1123.6	889.594292627
20.577425197	43.5010830051	1124.6	818.861013526
20.5898231929	43.5010269641	1125.6	776.721909999
20.6022211655	43.5009695836	1126.6	561.165572763
20.6146191142	43.5009108636	1127.6	464.475553286
20.6270170386	43.500850804	1128.6	555.246062698
20.639414938	43.5007894049	1129.6	719.617026176
20.6518128119	43.5007266663	1130.6	775.972687917
20.6642106598	43.5006625882	1131.6	813.814758486
20.6766084811	43.5005971706	1132.6	838.790227436
20.6890062752	43.5005304135	1133.6	740.87311848
20.7014040417	43.5004623168	1134.6	722.052372452
20.7138017799	43.5003928807	1135.6	705.570070485
20.7261994893	43.5003221052	1136.6	677.581233311
20.7385971694	43.5002499901	1137.6	743.383996031
20.7509948196	43.5001765356	1138.6	837.557706229
20.7633924394	43.5001017416	1139.6	942.195712288
20.7757900281	43.5000256082	1140.6	1054.5954948
20.7881875854	43.4999481353	1141.6	1224.50048505
20.8005851105	43.499869323	1142.6	1217.14985487
20.812982603	43.4997891713	1143.6	1112.89877406
20.8253800623	43.4997076801	1144.6	996.842227302
20.8377774878	43.4996248495	1145.6	881.513572941
20.8501748791	43.4995406795	1146.6	825.261860621
20.8625722355	43.4994551701	1147.6	791.349740541
20.8749695566	43.4993683213	1148.6	744.320788738
20.8873668417	43.4992801332	1149.6	729.225189767
20.8997640903	43.4991906056	1150.6	771.837801379
20.9121613018	43.4990997387	1151.6	826.412670304
20.9245584758	43.4990075324	1152.6	838.688764577
20.9369556117	43.4989139868	1153.6	818.116694811
20.9493527088	43.4988191018	1154.6	755.522307037
20.9617497667	43.4987228775	1155.6	700.651347188
20.9741467848	43.4986253138	1156.6	710.687043576
20.9865437626	43.4985264109	1157.6	675.28624585
20.9989406995	43.4984261686	1158.6	661.622221086
21.011337595	43.498324587	1159.6	652.585207807
21.0237344485	43.4982216662	1160.6	603.951822706
21.0361312594	43.498117406	1161.6	592.545505946
21.0485280273	43.4980118066	1162.6	548.02228
21.0609247515	43.4979048679	1163.6	482.830176603
21.0733214315	43.49779659	1164.6	454.428199853
21.0857180668	43.4976869728	1165.6	416.423921241
21.0981146568	43.4975760164	1166.6	389.871693797
21.110511201	43.4974637208	1167.6	372.846365242
21.1229076988	43.4973500859	1168.6	345.586298732
21.1353041497	43.4972351119	1169.6	318.02011743
21.1477005531	43.4971187987	1170.6	280.990287508
21.1600969084	43.4970011463	1171.6	247.573610721
21.1724932152	43.4968821547	1172.6	258.343399818
21.1848894728	43.4967618239	1173.6	296.056119935
21.1972856808	43.496640154	1174.6	307.780906582
21.2096818385	43.496517145	1175.6	278.692311256
21.2220779454	43.4963927968	1176.6	254.266668571
21.2344740011	43.4962671096	1177.6	239.258163089
21.2468700048	43.4961400832	1178.6	243.776806089
21.2592659561	43.4960117177	1179.6	263.595490146
21.2716618545	43.4958820132	1180.6	264.286243696
21.2840576993	43.4957509696	1181.6	231.137415968
21.29645349	43.4956185869	1182.6	202.451601525
21.3088492261	43.4954848652	1183.6	205.633607424
21.3212449071	43.4953498045	1184.6	232.800488465
21.3336405323	43.4952134047	1185.6	246.272372602
21.3460361012	43.4950756659	1186.6	252.540140453
21.3584316133	43.4949365882	1187.6	263.803160525
21.3708270681	43.4947961714	1188.6	290.32578924
21.3832224649	43.4946544157	1189.6	299.718707012
21.3956178033	43.494511321	1190.6	299.716868294
21.4080130826	43.4943668874	1191.6	302.097843832
21.4204083024	43.4942211149	1192.6	310.846872586
21.4328034621	43.4940740034	1193.6	338.004214583
21.4451985611	43.493925553	1194.6	354.493772441
21.4575935989	43.4937757638	1195.6	326.669391699
21.4699885749	43.4936246357	1196.6	314.602188063
21.4823834886	43.4934721687	1197.6	299.15459404
21.4947783394	43.4933183628	1198.6	283.196011991
21.5071731269	43.4931632181	1199.6	277.698416989
21.5195678504	43.4930067347	1200.6	301.135275658
21.5319625093	43.4928489123	1201.6	298.418998013
21.5443571033	43.4926897513	1202.6	287.379661983
21.5567516316	43.4925292514	1203.6	326.237155894
21.5691460937	43.4923674128	1204.6	295.832060387
21.5815404892	43.4922042354	1205.6	246.994694344
21.5939348174	43.4920397193	1206.6	218.901822313
21.6063290778	43.4918738644	1207.6	251.681091499
21.6187232699	43.4917066709	1208.6	290.310428037
21.631117393	43.4915381387	1209.6	290.593323333
21.6435114467	43.4913682678	1210.6	258.981362318
21.6559054305	43.4911970582	1211.6	259.410470891
21.6682993436	43.49102451	1212.6	230.556500072
21.6806931857	43.4908506232	1213.6	204.865200427
21.6930869562	43.4906753978	1214.6	191.133836972
21.7054806544	43.4904988338	1215.6	169.448192175
21.7178742799	43.4903209312	1216.6	163.49079483
21.7302678322	43.49014169	1217.6	164.017755479
21.74	43.49	1218.39	164.898494687
>  21.74, 43.49, F, -W1p,cyan
21.74	43.49	1218.39	164.898494687
21.7506346255	43.4946212002	1219.39	176.220558115
21.7612708786	43.4992414148	1220.39	214.77436177
21.7719087594	43.5038606432	1221.39	269.849252593
21.7825482681	43.5084788854	1222.39	273.963527062
21.7931894049	43.5130961408	1223.39	254.238108612
21.8038321699	43.5177124093	1224.39	249.938131097
21.8144765633	43.5223276905	1225.39	268.948096589
21.8251225853	43.5269419841	1226.39	319.037464473
21.8357702359	43.5315552898	1227.39	381.187189819
21.8464195155	43.5361676073	1228.39	487.984459071
21.8570704241	43.5407789363	1229.39	612.026428874
21.8677229618	43.5453892765	1230.39	662.261150112
21.878377129	43.5499986275	1231.39	708.317492637
21.8890329257	43.554606989	1232.39	748.937261114
21.8996903521	43.5592143608	1233.39	758.261253036
21.9103494083	43.5638207425	1234.39	751.153258653
21.9210100946	43.5684261338	1235.39	768.045666828
21.931672411	43.5730305344	1236.39	853.797703664
21.9423363578	43.577633944	1237.39	988.076803415
21.953001935	43.5822363623	1238.39	1033.06039413
21.9636691429	43.5868377889	1239.39	1055.97953095
21.9743379817	43.5914382236	1240.39	1064.33830427
21.9850084514	43.5960376661	1241.39	994.284725675
21.9956805522	43.600636116	1242.39	936.688164719
22.0063542843	43.605233573	1243.39	904.455175472
22.0170296479	43.6098300368	1244.39	751.600851109
22.0277066431	43.6144255071	1245.39	570.706199511
22.0383852701	43.6190199836	1246.39	508.137454233
22.049065529	43.623613466	1247.39	529.605764241
22.05974742	43.628205954	1248.39	583.238438217
22.0704309433	43.6327974472	1249.39	658.148673954
22.0811160989	43.6373879454	1250.39	677.32608273
22.0918028871	43.6419774481	1251.39	640.427387567
22.102491308	43.6465659553	1252.39	610.873252566
22.1131813618	43.6511534664	1253.39	584.132574531
22.1238730487	43.6557399812	1254.39	543.758226997
22.1345663687	43.6603254994	1255.39	483.248214071
22.1452613221	43.6649100206	1256.39	494.146456787
22.1559579089	43.6694935447	1257.39	588.96604764
22.1666561294	43.6740760711	1258.39	696.088563901
22.1773559838	43.6786575997	1259.39	725.361487673
22.1880574721	43.6832381302	1260.39	617.913727777
22.1987605945	43.6878176621	1261.39	542.652606559
22.2094653512	43.6923961953	1262.39	478.524278219
22.2201717423	43.6969737293	1263.39	408.679610463
22.230879768	43.7015502639	1264.39	357.525698832
22.2415894285	43.7061257988	1265.39	321.904131598
22.2523007238	43.7107003336	1266.39	293.756977588
22.2630136542	43.715273868	1267.39	276.014428394
22.2737282198	43.7198464018	1268.39	291.795581584
22.2844444208	43.7244179346	1269.39	247.13997657
22.2951622572	43.7289884661	1270.39	200.008217233
22.3058817293	43.7335579959	1271.39	174.616882497
22.3166028372	43.7381265239	1272.39	222.438522938
22.3273255811	43.7426940496	1273.39	330.759417141
22.3380499611	43.7472605727	1274.39	425.653760665
22.3487759773	43.751826093	1275.39	478.251554642
22.35950363	43.7563906101	1276.39	487.879198966
22.3702329192	43.7609541238	1277.39	458.906014848
22.3809638452	43.7655166336	1278.39	498.642307736
22.391696408	43.7700781393	1279.39	550.335068492
22.4024306078	43.7746386405	1280.39	546.535263847
22.4131664448	43.7791981371	1281.39	480.337002828
22.4239039191	43.7837566285	1282.39	395.301567102
22.4346430309	43.7883141146	1283.39	355.727962624
22.4453837803	43.792870595	1284.39	338.60040797
22.4561261675	43.7974260694	1285.39	327.756807964
22.4668701925	43.8019805375	1286.39	309.206765878
22.4776158557	43.806533999	1287.39	296.962350992
22.488363157	43.8110864535	1288.39	281.984985324
22.4991120967	43.8156379008	1289.39	265.988165036
22.5098626749	43.8201883405	1290.39	256.898672942
22.5206148918	43.8247377724	1291.39	257.870190231
22.5313687475	43.829286196	1292.39	266.982764014
22.5421242421	43.8338336112	1293.39	256.727049095
22.5528813758	43.8383800175	1294.39	241.812152206
22.5636401487	43.8429254146	1295.39	235.443686811
22.574400561	43.8474698024	1296.39	226.519545234
22.5851626129	43.8520131803	1297.39	210.705958796
22.5959263044	43.8565555482	1298.39	202.737043654
22.6066916358	43.8610969057	1299.39	214.769420664
22.6174586071	43.8656372525	1300.39	225.571029237
22.6282272185	43.8701765883	1301.39	221.564943267
22.6389974702	43.8747149127	1302.39	228.170823798
22.6497693623	43.8792522255	1303.39	211.831255088
22.660542895	43.8837885263	1304.39	210.03036916
22.6713180683	43.8883238148	1305.39	215.716182421
22.6820948824	43.8928580908	1306.39	200.843064624
22.6928733376	43.8973913538	1307.39	203.374681079
22.7036534338	43.9019236036	1308.39	198.082847828
22.7144351713	43.9064548399	1309.39	198.610074038
22.7252185503	43.9109850623	1310.39	187.979446606
22.7360035707	43.9155142706	1311.39	168.418515089
22.7467902329	43.9200424644	1312.39	115.714211715
22.7575785368	43.9245696434	1313.39	78.5680647727
22.7683684828	43.9290958072	1314.39	77.3550520984
22.7791600709	43.9336209557	1315.39	70.966011842
22.7899533012	43.9381450884	1316.39	52.9512281265
22.8007481739	43.942668205	1317.39	42.5245249022
22.8115446891	43.9471903053	1318.39	34.5782227272
22.8223428471	43.9517113889	1319.39	30.8838274262
22.8331426478	43.9562314555	1320.39	31.1418760139
22.8439440915	43.9607505047	1321.39	32.0198774064
22.8547471783	43.9652685364	1322.39	30.9672078876
22.8655519083	43.96978555	1323.39	31.446223138
22.8763582817	43.9743015455	1324.39	34.2375570447
22.8871662985	43.9788165223	1325.39	33.9432724575
22.89	43.98	1325.65	33.9852268739
