98	28	0	2205.75585938
98.0010185094	28.0000073656	0.1	2273.21071777
98.002037019	28.0000147237	0.2	2336.57335576
98.0030555287	28.0000220744	0.3	2397.12567637
98.0040740386	28.0000294175	0.4	2456.14565191
98.0050925486	28.0000367531	0.5	2514.90732493
98.0061110587	28.0000440812	0.6	2574.6808191
98.007129569	28.0000514018	0.7	2636.73234873
98.0081480794	28.0000587148	0.8	2702.32420448
98.00916659	28.0000660204	0.9	2770.78269601
98.0101851007	28.0000733185	1	2838.77215795
98.0112036115	28.0000806091	1.1	2905.92556791
98.0122221224	28.0000878921	1.2	2971.96209488
98.0132406336	28.0000951677	1.3	3036.60008098
98.0142591448	28.0001024358	1.4	3099.55698717
98.0152776562	28.0001096963	1.5	3160.54946595
98.0162961677	28.0001169494	1.6	3219.29331948
98.0173146793	28.0001241949	1.7	3275.50351379
98.0183331911	28.000131433	1.8	3328.8941955
98.019351703	28.0001386635	1.9	3379.17866369
98.0203702151	28.0001458865	2	3426.06940649
98.0213887273	28.000153102	2.1	3469.27807674
98.0224072396	28.0001603101	2.2	3508.51551308
98.0234257521	28.0001675106	2.3	3543.49173336
98.0244442647	28.0001747036	2.4	3573.91593796
98.0254627775	28.0001818891	2.5	3599.5076699
98.0264812903	28.0001890671	2.6	3620.25980365
98.0274998033	28.0001962376	2.7	3636.44678414
98.0285183165	28.0002034005	2.8	3648.35547173
98.0295368298	28.000210556	2.9	3656.27246319
98.0305553432	28.000217704	3	3660.48408234
98.0315738568	28.0002248445	3.1	3661.27638402
98.0325923704	28.0002319774	3.2	3658.93514961
98.0336108843	28.0002391029	3.3	3653.74589184
98.0346293982	28.0002462209	3.4	3645.99384678
98.0356479123	28.0002533313	3.5	3635.96397301
98.0366664265	28.0002604343	3.6	3623.94096043
98.0376849409	28.0002675297	3.7	3610.20921326
98.0387034554	28.0002746176	3.8	3595.05286542
98.03972197	28.0002816981	3.9	3578.75577086
98.0407404848	28.000288771	4	3561.60149705
98.0417589997	28.0002958364	4.1	3543.85152924
98.0427775147	28.0003028943	4.2	3522.77778155
98.0437960299	28.0003099447	4.3	3496.81790699
98.0448145452	28.0003169876	4.4	3466.66036893
98.0458330606	28.000324023	4.5	3432.99422485
98.0468515762	28.0003310509	4.6	3396.50912288
98.0478700919	28.0003380713	4.7	3357.8953111
98.0488886077	28.0003450842	4.8	3317.84362568
98.0499071237	28.0003520896	4.9	3277.04548857
98.0509256398	28.0003590875	5	3236.19291797
98.051944156	28.0003660778	5.1	3195.97851411
98.0529626723	28.0003730607	5.2	3157.09546461
98.0539811888	28.0003800361	5.3	3120.23753468
98.0549997055	28.0003870039	5.4	3086.09907613
98.0560182222	28.0003939643	5.5	3055.37502887
98.0570367391	28.0004009171	5.6	3028.76089673
98.0580552561	28.0004078624	5.7	3006.95277156
98.0590737733	28.0004148003	5.8	2990.74844503
98.0600922905	28.0004217306	5.9	2980.35495753
98.061110808	28.0004286534	6	2974.97853797
98.0621293255	28.0004355687	6.1	2973.79144836
98.0631478432	28.0004424765	6.2	2975.96516865
98.064166361	28.0004493768	6.3	2980.67040406
98.0651848789	28.0004562696	6.4	2987.07708831
98.066203397	28.0004631549	6.5	2994.35438878
98.0672219151	28.0004700327	6.6	3001.67070761
98.0682404335	28.000476903	6.7	3008.19369126
98.0692589519	28.0004837658	6.8	3013.09022717
98.0702774705	28.0004906211	6.9	3015.52645472
98.0712959892	28.0004974688	7	3014.66776349
98.0723145081	28.0005043091	7.1	3009.67880412
98.073333027	28.0005111419	7.2	2999.72348614
98.0743515461	28.0005179671	7.3	2983.96498091
98.0753700654	28.0005247849	7.4	2961.35154861
98.0763885847	28.0005315951	7.5	2929.38933516
98.0774071042	28.0005383978	7.6	2888.74188269
98.0784256238	28.0005451931	7.7	2840.88723853
98.0794441436	28.0005519808	7.8	2787.30385383
98.0804626634	28.000558761	7.9	2729.47061245
98.0814811834	28.0005655337	8	2668.86678243
98.0824997035	28.000572299	8.1	2606.972053
98.0835182238	28.0005790567	8.2	2545.26649619
98.0845367442	28.0005858069	8.3	2485.23059445
98.0855552647	28.0005925496	8.4	2428.34521213
98.0865737853	28.0005992848	8.5	2376.09159846
98.0875923061	28.0006060124	8.6	2329.95137787
98.088610827	28.0006127326	8.7	2291.40656392
98.089629348	28.0006194453	8.8	2261.93953313
98.0906478691	28.0006261505	8.9	2243.0330303
98.0916663904	28.0006328481	9	2236.1701621
98.0926849118	28.0006395383	9.1	2241.33269166
98.0937034333	28.0006462209	9.2	2256.78827244
98.094721955	28.0006528961	9.3	2281.45048982
98.0957404768	28.0006595637	9.4	2314.23240685
98.0967589987	28.0006662239	9.5	2354.04657958
98.0977775207	28.0006728765	9.6	2399.80505338
98.0987960429	28.0006795216	9.7	2450.41937751
98.0998145651	28.0006861592	9.8	2504.80058529
98.1008330875	28.0006927894	9.9	2561.85923509
98.1018516101	28.000699412	10	2620.50538031
98.1028701327	28.0007060271	10.1	2679.64857579
98.1038886555	28.0007126347	10.2	2738.19791352
98.1049071784	28.0007192348	10.3	2795.06198673
98.1059257014	28.0007258274	10.4	2849.14891683
98.1069442246	28.0007324124	10.5	2899.36635546
98.1079627479	28.00073899	10.6	2944.62147539
98.1089812713	28.0007455601	10.7	2985.15730129
98.1099997948	28.0007521227	10.8	3025.15986412
98.1110183185	28.0007586777	10.9	3064.95743216
98.1120368422	28.0007652253	11	3104.46441873
98.1130553661	28.0007717653	11.1	3143.59634987
98.1140738902	28.0007782979	11.2	3182.26983748
98.1150924143	28.0007848229	11.3	3220.40257769
98.1161109386	28.0007913405	11.4	3257.91336687
98.117129463	28.0007978505	11.5	3294.72207645
98.1181479875	28.000804353	11.6	3330.74965945
98.1191665121	28.000810848	11.7	3365.91814613
98.1201850369	28.0008173356	11.8	3400.15064137
98.1212035618	28.0008238156	11.9	3433.37131774
98.1222220868	28.0008302881	12	3465.5054125
98.1232406119	28.0008367531	12.1	3496.47922685
98.1242591372	28.0008432106	12.2	3526.22012381
98.1252776625	28.0008496605	12.3	3554.75570663
98.126296188	28.000856103	12.4	3583.78639533
98.1273147136	28.000862538	12.5	3613.63396899
98.1283332394	28.0008689655	12.6	3643.88353354
98.1293517652	28.0008753854	12.7	3674.12004392
98.1303702912	28.0008817979	12.8	3703.9283152
98.1313888173	28.0008882029	12.9	3732.89301703
98.1324073435	28.0008946003	13	3760.59867831
98.1334258699	28.0009009902	13.1	3786.62968211
98.1344443964	28.0009073727	13.2	3810.57026321
98.1354629229	28.0009137476	13.3	3832.00452143
98.1364814496	28.000920115	13.4	3850.51641327
98.1374999765	28.000926475	13.5	3865.68974816
98.1385185034	28.0009328274	13.6	3877.10819781
98.1395370305	28.0009391723	13.7	3884.35529111
98.1405555577	28.0009455097	13.8	3887.01441418
98.141574085	28.0009518396	13.9	3884.66881344
98.1425926124	28.000958162	14	3876.59199351
98.1436111399	28.0009644769	14.1	3862.56026971
98.1446296676	28.0009707843	14.2	3843.18801709
98.1456481954	28.0009770842	14.3	3819.09280956
98.1466667233	28.0009833765	14.4	3790.89089618
98.1476852513	28.0009896614	14.5	3759.19720398
98.1487037795	28.0009959388	14.6	3724.62534267
98.1497223077	28.0010022086	14.7	3687.78761944
98.1507408361	28.001008471	14.8	3649.29502038
98.1517593646	28.0010147258	14.9	3609.75723786
98.1527778932	28.0010209732	15	3569.78266355
98.1537964219	28.001027213	15.1	3529.97839078
98.1548149508	28.0010334453	15.2	3490.95022085
98.1558334797	28.0010396701	15.3	3453.30267899
98.1568520088	28.0010458875	15.4	3417.63899469
98.157870538	28.0010520973	15.5	3384.56112478
98.1588890674	28.0010582996	15.6	3353.65410008
98.1599075968	28.0010644944	15.7	3320.42821071
98.1609261263	28.0010706817	15.8	3284.81304009
98.161944656	28.0010768615	15.9	3247.44554541
98.1629631858	28.0010830338	16	3208.96454843
98.1639817157	28.0010891985	16.1	3170.01071627
98.1650002457	28.0010953558	16.2	3131.22656532
98.1660187759	28.0011015056	16.3	3093.25643976
98.1670373061	28.0011076478	16.4	3056.7465259
98.1680558365	28.0011137826	16.5	3022.34482331
98.169074367	28.0011199099	16.6	2990.70115509
98.1700928976	28.0011260296	16.7	2962.46715145
98.1711114283	28.0011321418	16.8	2938.29624824
98.1721299591	28.0011382466	16.9	2918.84367775
98.1731484901	28.0011443438	17	2904.76645883
98.1741670211	28.0011504335	17.1	2896.72340028
98.1751855523	28.0011565157	17.2	2895.38601405
98.1762040836	28.0011625905	17.3	2901.50946539
98.177222615	28.0011686577	17.4	2914.6994933
98.1782411465	28.0011747174	17.5	2934.17874177
98.1792596782	28.0011807696	17.6	2959.16700084
98.1802782099	28.0011868143	17.7	2988.88120763
98.1812967418	28.0011928514	17.8	3022.53547202
98.1823152738	28.0011988811	17.9	3059.34107876
98.1833338058	28.0012049033	18	3098.50648934
98.1843523381	28.001210918	18.1	3139.2373793
98.1853708704	28.0012169251	18.2	3180.73660244
98.1863894028	28.0012229248	18.3	3222.20425802
98.1874079354	28.0012289169	18.4	3262.83765407
98.188426468	28.0012349016	18.5	3301.83134351
98.1894450008	28.0012408787	18.6	3338.3771213
98.1904635337	28.0012468484	18.7	3371.66405052
98.1914820667	28.0012528105	18.8	3400.8784435
98.1925005998	28.0012587651	18.9	3427.29062859
98.193519133	28.0012647122	19	3454.38680288
98.1945376663	28.0012706519	19.1	3481.93541752
98.1955561998	28.001276584	19.2	3509.60767939
98.1965747334	28.0012825086	19.3	3537.07716519
98.197593267	28.0012884257	19.4	3564.01979672
98.1986118008	28.0012943353	19.5	3590.1138467
98.1996303347	28.0013002373	19.6	3615.03991175
98.2006488687	28.0013061319	19.7	3638.48092983
98.2016674028	28.001312019	19.8	3660.12214736
98.2026859371	28.0013178986	19.9	3679.65112878
98.2037044714	28.0013237706	20	3696.75773584
98.2047230059	28.0013296352	20.1	3711.13413948
98.2057415404	28.0013354922	20.2	3722.47478714
98.2067600751	28.0013413418	20.3	3730.47641729
98.2077786099	28.0013471838	20.4	3734.83803549
98.2087971448	28.0013530184	20.5	3734.99907395
98.2098156798	28.0013588454	20.6	3729.16150348
98.2108342149	28.0013646649	20.7	3717.69903494
98.2118527501	28.0013704769	20.8	3701.41465707
98.2128712855	28.0013762814	20.9	3681.11177171
98.2138898209	28.0013820784	21	3657.59419929
98.2149083565	28.0013878679	21.1	3631.66616126
98.2159268921	28.0013936499	21.2	3604.13229524
98.2169454279	28.0013994244	21.3	3575.79763227
98.2179639638	28.0014051914	21.4	3547.46761232
98.2189824998	28.0014109509	21.5	3519.94807078
98.2200010359	28.0014167029	21.6	3494.04523823
98.2210195721	28.0014224473	21.7	3470.56574017
98.2220381084	28.0014281843	21.8	3450.31658405
98.2230566448	28.0014339138	21.9	3434.10517154
98.2240751813	28.0014396357	22	3422.73928847
98.225093718	28.0014453501	22.1	3417.02360648
98.2261122547	28.0014510571	22.2	3416.99559042
98.2271307916	28.0014567565	22.3	3421.86489768
98.2281493286	28.0014624484	22.4	3430.97899677
98.2291678656	28.0014681329	22.5	3443.68372453
98.2301864028	28.0014738098	22.6	3459.32330492
98.2312049401	28.0014794792	22.7	3477.24033499
98.2322234775	28.0014851411	22.8	3496.7758058
98.233242015	28.0014907955	22.9	3517.26910607
98.2342605526	28.0014964424	23	3538.05802916
98.2352790903	28.0015020818	23.1	3558.47878016
98.2362976281	28.0015077137	23.2	3577.86598284
98.2373161661	28.001513338	23.3	3595.55268829
98.2383347041	28.0015189549	23.4	3610.87037503
98.2393532422	28.0015245643	23.5	3623.14896707
98.2403717805	28.0015301661	23.6	3631.71683306
98.2413903188	28.0015357605	23.7	3635.90079474
98.2424088573	28.0015413473	23.8	3636.01106784
98.2434273959	28.0015469267	23.9	3634.30272263
98.2444459345	28.0015524985	24	3630.91605896
98.2454644733	28.0015580628	24.1	3625.86410941
98.2464830122	28.0015636197	24.2	3619.16075197
98.2475015512	28.001569169	24.3	3610.8207033
98.2485200902	28.0015747108	24.4	3600.85952181
98.2495386294	28.0015802451	24.5	3589.29359711
98.2505571687	28.0015857719	24.6	3576.14015363
98.2515757081	28.0015912912	24.7	3561.41724366
98.2525942476	28.001596803	24.8	3545.14374516
98.2536127873	28.0016023073	24.9	3527.33935676
98.254631327	28.0016078041	25	3508.02460176
98.2556498668	28.0016132933	25.1	3487.2208145
98.2566684067	28.0016187751	25.2	3464.95014411
98.2576869467	28.0016242494	25.3	3441.23554949
98.2587054869	28.0016297161	25.4	3415.88849708
98.2597240271	28.0016351754	25.5	3386.77829134
98.2607425674	28.0016406271	25.6	3353.8065765
98.2617611079	28.0016460713	25.7	3317.55156434
98.2627796484	28.0016515081	25.8	3278.59028845
98.2637981891	28.0016569373	25.9	3237.49858241
98.2648167298	28.001662359	26	3194.85111406
98.2658352707	28.0016677732	26.1	3151.22135753
98.2668538116	28.00167318	26.2	3107.18163076
98.2678723527	28.0016785792	26.3	3063.30306394
98.2688908938	28.0016839709	26.4	3020.15563995
98.2699094351	28.001689355	26.5	2978.30816223
98.2709279764	28.0016947317	26.6	2938.32829489
98.2719465179	28.0017001009	26.7	2900.78253082
98.2729650595	28.0017054626	26.8	2866.23622574
98.2739836011	28.0017108168	26.9	2835.25358853
98.2750021429	28.0017161634	27	2808.39767559
98.2760206847	28.0017215026	27.1	2785.67850792
98.2770392267	28.0017268342	27.2	2766.44029834
98.2780577688	28.0017321584	27.3	2750.24341315
98.279076311	28.001737475	27.4	2736.65043971
98.2800948532	28.0017427842	27.5	2725.22617691
98.2811133956	28.0017480858	27.6	2715.53762971
98.2821319381	28.0017533799	27.7	2707.15399893
98.2831504806	28.0017586665	27.8	2699.64667353
98.2841690233	28.0017639456	27.9	2692.58921937
98.2851875661	28.0017692172	28	2685.5573748
98.2862061089	28.0017744813	28.1	2678.12903991
98.2872246519	28.0017797379	28.2	2669.8842658
98.288243195	28.001784987	28.3	2660.40525019
98.2892617381	28.0017902286	28.4	2649.27632716
98.2902802814	28.0017954627	28.5	2636.08395483
98.2912988248	28.0018006892	28.6	2620.41671926
98.2923173682	28.0018059083	28.7	2602.2065318
98.2933359118	28.0018111199	28.8	2582.51421749
98.2943544554	28.0018163239	28.9	2561.57999518
98.2953729992	28.0018215205	29	2539.54621599
98.2963915431	28.0018267095	29.1	2516.55448692
98.297410087	28.001831891	29.2	2492.7456241
98.2984286311	28.0018370651	29.3	2468.25966879
98.2994471752	28.0018422316	29.4	2443.23592598
98.3004657195	28.0018473906	29.5	2417.81291169
98.3014842638	28.0018525421	29.6	2392.12840127
98.3025028082	28.0018576861	29.7	2366.31940969
98.3035213528	28.0018628226	29.8	2340.5222027
98.3045398974	28.0018679516	29.9	2314.87230814
98.3055584422	28.0018730731	30	2289.50450224
98.306576987	28.0018781871	30.1	2264.55283324
98.3075955319	28.0018832936	30.2	2240.15060785
98.3086140769	28.0018883925	30.3	2216.23460092
98.3096326221	28.001893484	30.4	2189.5195321
98.3106511673	28.001898568	30.5	2159.42127111
98.3116697126	28.0019036444	30.6	2126.76794362
98.312688258	28.0019087134	30.7	2092.38648863
98.3137068035	28.0019137748	30.8	2057.1026847
98.3147253491	28.0019188288	30.9	2021.74112727
98.3157438948	28.0019238752	31	1987.12525658
98.3167624406	28.0019289141	31.1	1954.0773421
98.3177809865	28.0019339455	31.2	1923.41849749
98.3187995324	28.0019389694	31.3	1895.96868418
98.3198180785	28.0019439858	31.4	1872.54670489
98.3208366247	28.0019489947	31.5	1853.97022377
98.321855171	28.0019539961	31.6	1841.05575925
98.3228737173	28.00195899	31.7	1834.61869113
98.3238922638	28.0019639764	31.8	1835.47326258
98.3249108103	28.0019689553	31.9	1844.4325868
98.325929357	28.0019739267	32	1862.05986854
98.3269479037	28.0019788905	32.1	1887.83398795
98.3279664505	28.0019838469	32.2	1920.94940336
98.3289849974	28.0019887957	32.3	1960.60178892
98.3300035445	28.0019937371	32.4	2005.98781758
98.3310220916	28.0019986709	32.5	2056.30513332
98.3320406388	28.0020035973	32.6	2110.75237913
98.3330591861	28.0020085161	32.7	2168.52917066
98.3340777335	28.0020134274	32.8	2228.83610043
98.3350962809	28.0020183312	32.9	2290.87472526
98.3361148285	28.0020232275	33	2353.84758731
98.3371333762	28.0020281163	33.1	2416.95817337
98.3381519239	28.0020329976	33.2	2479.41092898
98.3391704718	28.0020378714	33.3	2540.41127281
98.3401890197	28.0020427377	33.4	2599.16555003
98.3412075678	28.0020475965	33.5	2654.88107581
98.3422261159	28.0020524478	33.6	2707.76522694
98.3432446641	28.0020572915	33.7	2762.13409113
98.3442632124	28.0020621278	33.8	2818.24464724
98.3452817608	28.0020669566	33.9	2875.69353298
98.3463003093	28.0020717778	34	2934.0767325
98.3473188579	28.0020765916	34.1	2992.98958084
98.3483374066	28.0020813978	34.2	3052.0267664
98.3493559553	28.0020861965	34.3	3110.78233032
98.3503745042	28.0020909878	34.4	3168.84969299
98.3513930531	28.0020957715	34.5	3225.82161536
98.3524116022	28.0021005477	34.6	3281.29025143
98.3534301513	28.0021053164	34.7	3334.84710518
98.3544487005	28.0021100776	34.8	3386.08307324
98.3554672498	28.0021148313	34.9	3434.58842654
98.3564857992	28.0021195775	35	3479.9528195
98.3575043487	28.0021243162	35.1	3521.76529364
98.3585228983	28.0021290474	35.2	3559.66820252
98.359541448	28.002133771	35.3	3595.33593666
98.3605599977	28.0021384872	35.4	3629.60843083
98.3615785476	28.0021431959	35.5	3662.32254423
98.3625970975	28.002147897	35.6	3693.31587359
98.3636156475	28.0021525907	35.7	3722.42677412
98.3646341976	28.0021572768	35.8	3749.49433744
98.3656527478	28.0021619555	35.9	3774.35839639
98.3666712981	28.0021666266	36	3796.85951695
98.3676898485	28.0021712902	36.1	3816.83899749
98.3687083989	28.0021759463	36.2	3834.13886169
98.3697269495	28.002180595	36.3	3848.60186148
98.3707455001	28.0021852361	36.4	3860.07146308
98.3717640509	28.0021898697	36.5	3868.39185313
98.3727826017	28.0021944958	36.6	3873.40792671
98.3738011526	28.0021991144	36.7	3874.96528991
98.3748197036	28.0022037254	36.8	3872.91025328
98.3758382547	28.002208329	36.9	3865.18688201
98.3768568058	28.0022129251	37	3848.7973417
98.3778753571	28.0022175137	37.1	3824.90684401
98.3788939084	28.0022220947	37.2	3794.77560305
98.3799124598	28.0022266683	37.3	3759.66340381
98.3809310113	28.0022312343	37.4	3720.82961813
98.3819495629	28.0022357929	37.5	3679.5331981
98.3829681146	28.0022403439	37.6	3637.03268343
98.3839866664	28.0022448874	37.7	3594.58619812
98.3850052182	28.0022494235	37.8	3553.45145837
98.3860237702	28.002253952	37.9	3514.88575913
98.3870423222	28.002258473	38	3480.14600052
98.3880608743	28.0022629865	38.1	3450.48866422
98.3890794265	28.0022674925	38.2	3427.16983011
98.3900979788	28.002271991	38.3	3411.44517394
98.3911165312	28.002276482	38.4	3404.56996887
98.3921350836	28.0022809655	38.5	3407.66453199
98.3931536361	28.0022854414	38.6	3420.19816337
98.3941721888	28.0022899099	38.7	3441.00888812
98.3951907415	28.0022943709	38.8	3469.00662086
98.3962092943	28.0022988243	38.9	3503.1016044
98.3972278471	28.0023032703	39	3542.20439704
98.3982464001	28.0023077087	39.1	3585.22588901
98.3992649531	28.0023121397	39.2	3631.07727343
98.4002835063	28.0023165631	39.3	3678.67007863
98.4013020595	28.002320979	39.4	3726.9161313
98.4023206128	28.0023253874	39.5	3774.72758771
98.4033391661	28.0023297883	39.6	3821.01690947
98.4043577196	28.0023341818	39.7	3864.69688492
98.4053762731	28.0023385677	39.8	3904.68059714
98.4063948267	28.0023429461	39.9	3939.88145303
98.4074133805	28.0023473169	40	3969.21316735
98.4084319342	28.0023516803	40.1	3991.61559635
98.4094504881	28.0023560362	40.2	4009.47837816
98.4104690421	28.0023603846	40.3	4024.9795207
98.4114875961	28.0023647254	40.4	4038.2060302
98.4125061502	28.0023690588	40.5	4049.24387565
98.4135247044	28.0023733847	40.6	4058.1779872
98.4145432587	28.002377703	40.7	4065.09226336
98.4155618131	28.0023820139	40.8	4070.0695797
98.4165803675	28.0023863172	40.9	4073.19178682
98.417598922	28.002390613	41	4074.53972386
98.4186174766	28.0023949013	41.1	4074.19321798
98.4196360313	28.0023991822	41.2	4072.23109305
98.4206545861	28.0024034555	41.3	4068.73116714
98.421673141	28.0024077213	41.4	4063.77026884
98.4226916959	28.0024119796	41.5	4057.42423575
98.4237102509	28.0024162304	41.6	4049.76791954
98.424728806	28.0024204737	41.7	4040.87519264
98.4257473612	28.0024247094	41.8	4029.67197864
98.4267659164	28.0024289377	41.9	4013.59376747
98.4277844717	28.0024331585	42	3993.20572271
98.4288030271	28.0024373717	42.1	3969.2331456
98.4298215826	28.0024415775	42.2	3942.4027618
98.4308401382	28.0024457757	42.3	3913.44270309
98.4318586939	28.0024499665	42.4	3883.08251016
98.4328772496	28.0024541497	42.5	3852.05311986
98.4338958054	28.0024583255	42.6	3821.0868537
98.4349143613	28.0024624937	42.7	3790.91741667
98.4359329172	28.0024666544	42.8	3762.27988998
98.4369514733	28.0024708076	42.9	3735.91071215
98.4379700294	28.0024749533	43	3712.5476905
98.4389885856	28.0024790915	43.1	3692.92997498
98.4400071419	28.0024832222	43.2	3677.79806111
98.4410256982	28.0024873454	43.3	3667.89378046
98.4420442547	28.0024914611	43.4	3663.74607365
98.4430628112	28.0024955693	43.5	3663.52288098
98.4440813678	28.0024996699	43.6	3666.48553461
98.4450999244	28.0025037631	43.7	3672.451155
98.4461184812	28.0025078488	43.8	3681.2365521
98.447137038	28.0025119269	43.9	3692.6582155
98.4481555949	28.0025159976	44	3706.5323144
98.4491741519	28.0025200607	44.1	3722.6747148
98.4501927089	28.0025241163	44.2	3740.90096278
98.4512112661	28.0025281645	44.3	3761.02630225
98.4522298233	28.0025322051	44.4	3782.86567108
98.4532483806	28.0025362382	44.5	3806.23370269
98.4542669379	28.0025402638	44.6	3830.94472767
98.4552854953	28.0025442819	44.7	3856.81278292
98.4563040529	28.0025482925	44.8	3883.65160963
98.4573226104	28.0025522956	44.9	3911.27464448
98.4583411681	28.0025562912	45	3939.49525894
98.4593597258	28.0025602793	45.1	3971.57696541
98.4603782836	28.0025642598	45.2	4010.05746669
98.4613968415	28.0025682329	45.3	4053.82350354
98.4624153995	28.0025721984	45.4	4101.76119921
98.4634339575	28.0025761565	45.5	4152.7560489
98.4644525156	28.002580107	45.6	4205.69294476
98.4654710738	28.0025840501	45.7	4259.45615945
98.4664896321	28.0025879856	45.8	4312.92935683
98.4675081904	28.0025919136	45.9	4364.99558841
98.4685267488	28.0025958342	46	4414.53731359
98.4695453073	28.0025997472	46.1	4460.43638387
98.4705638659	28.0026036527	46.2	4501.57405487
98.4715824245	28.0026075507	46.3	4536.83098408
98.4726009832	28.0026114412	46.4	4565.08724525
98.473619542	28.0026153242	46.5	4585.22231943
98.4746381008	28.0026191997	46.6	4596.11510175
98.4756566598	28.0026230677	46.7	4597.19674811
98.4766752188	28.0026269281	46.8	4590.1066329
98.4776937778	28.0026307811	46.9	4575.67546174
98.478712337	28.0026346266	47	4554.60443209
98.4797308962	28.0026384645	47.1	4527.59480481
98.4807494555	28.002642295	47.2	4495.34789844
98.4817680148	28.0026461179	47.3	4458.5650831
98.4827865743	28.0026499333	47.4	4417.94778067
98.4838051338	28.0026537413	47.5	4374.19748322
98.4848236934	28.0026575417	47.6	4328.0157174
98.485842253	28.0026613346	47.7	4280.10408032
98.4868608127	28.00266512	47.8	4231.16421052
98.4878793725	28.0026688979	47.9	4181.89780393
98.4888979324	28.0026726683	48	4133.00660902
98.4899164923	28.0026764312	48.1	4085.19243092
98.4909350523	28.0026801866	48.2	4039.15711667
98.4919536124	28.0026839345	48.3	3995.29367201
98.4929721725	28.0026876748	48.4	3948.84324636
98.4939907328	28.0026914077	48.5	3898.5212064
98.4950092931	28.0026951331	48.6	3845.05255077
98.4960278534	28.0026988509	48.7	3789.1617572
98.4970464138	28.0027025613	48.8	3731.5727956
98.4980649743	28.0027062641	48.9	3673.00912409
98.4990835349	28.0027099594	49	3614.19370412
98.5001020956	28.0027136473	49.1	3555.84899521
98.5011206563	28.0027173276	49.2	3498.69695609
98.502139217	28.0027210004	49.3	3443.45904981
98.5031577779	28.0027246657	49.4	3390.85623237
98.5041763388	28.0027283235	49.5	3341.60898927
98.5051948998	28.0027319738	49.6	3296.43730123
98.5062134608	28.0027356166	49.7	3256.06067142
98.507232022	28.0027392519	49.8	3221.19810731
98.5082505832	28.0027428797	49.9	3192.56814959
98.5092691444	28.0027465	50	3170.06645243
98.5102877057	28.0027501127	50.1	3152.58065124
98.5113062671	28.002753718	50.2	3139.66697235
98.5123248286	28.0027573157	50.3	3130.88876721
98.5133433901	28.002760906	50.4	3125.81134393
98.5143619517	28.0027644887	50.5	3124.00196142
98.5153805134	28.002768064	50.6	3125.02980935
98.5163990752	28.0027716317	50.7	3128.46601307
98.517417637	28.0027751919	50.8	3133.88360443
98.5184361988	28.0027787446	50.9	3140.85752219
98.5194547608	28.0027822898	51	3148.96460054
98.5204733228	28.0027858275	51.1	3157.78355338
98.5214918848	28.0027893577	51.2	3166.89496797
98.522510447	28.0027928804	51.3	3175.8812947
98.5235290092	28.0027963956	51.4	3184.32683068
98.5245475715	28.0027999033	51.5	3191.8177153
98.5255661338	28.0028034035	51.6	3198.54495046
98.5265846962	28.0028068961	51.7	3207.06611942
98.5276032587	28.0028103813	51.8	3217.48096987
98.5286218212	28.0028138589	51.9	3229.50748925
98.5296403838	28.0028173291	52	3242.86269329
98.5306589465	28.0028207917	52.1	3257.26269641
98.5316775092	28.0028242469	52.2	3272.42264906
98.532696072	28.0028276945	52.3	3288.05681469
98.5337146349	28.0028311346	52.4	3303.87851296
98.5347331978	28.0028345672	52.5	3319.60015827
98.5357517608	28.0028379923	52.6	3334.93326176
98.5367703238	28.0028414099	52.7	3349.58843066
98.537788887	28.00284482	52.8	3363.27538119
98.5388074502	28.0028482226	52.9	3375.7029341
98.5398260134	28.0028516177	53	3386.57902903
98.5408445767	28.0028550053	53.1	3395.61072777
98.5418631401	28.0028583854	53.2	3402.56633514
98.5428817035	28.0028617579	53.3	3409.33527106
98.543900267	28.002865123	53.4	3416.69002618
98.5449188306	28.0028684805	53.5	3424.31261273
98.5459373942	28.0028718306	53.6	3431.88447622
98.5469559579	28.0028751731	53.7	3439.0865383
98.5479745217	28.0028785082	53.8	3445.59916366
98.5489930855	28.0028818357	53.9	3451.10219532
98.5500116494	28.0028851557	54	3455.27493396
98.5510302134	28.0028884682	54.1	3457.79615417
98.5520487774	28.0028917732	54.2	3458.34410496
98.5530673414	28.0028950707	54.3	3456.59651389
98.5540859056	28.0028983607	54.4	3452.23058894
98.5551044698	28.0029016432	54.5	3444.92302421
98.556123034	28.0029049182	54.6	3434.35000222
98.5571415984	28.0029081857	54.7	3420.1871944
98.5581601627	28.0029114456	54.8	3402.1097744
98.5591787272	28.0029146981	54.9	3379.30579395
98.5601972917	28.0029179431	55	3351.07751315
98.5612158563	28.0029211805	55.1	3318.02998977
98.5622344209	28.0029244105	55.2	3280.79279127
98.5632529856	28.0029276329	55.3	3239.99495449
98.5642715503	28.0029308478	55.4	3196.26500798
98.5652901151	28.0029340553	55.5	3150.23095745
98.56630868	28.0029372552	55.6	3102.52029526
98.5673272449	28.0029404476	55.7	3053.76001322
98.5683458099	28.0029436325	55.8	3004.57658509
98.569364375	28.0029468099	55.9	2955.59598498
98.5703829401	28.0029499798	56	2907.44369015
98.5714015053	28.0029531422	56.1	2860.74466946
98.5724200705	28.0029562971	56.2	2816.12340492
98.5734386358	28.0029594444	56.3	2774.2038739
98.5744572011	28.0029625843	56.4	2735.6095788
98.5754757665	28.0029657167	56.5	2700.4677709
98.576494332	28.0029688415	56.6	2665.84039255
98.5775128975	28.0029719589	56.7	2631.28789182
98.5785314631	28.0029750687	56.8	2596.99679147
98.5795500288	28.002978171	56.9	2563.15520236
98.5805685945	28.0029812659	57	2529.95280607
98.5815871602	28.0029843532	57.1	2497.58083847
98.5826057261	28.002987433	57.2	2466.23208002
98.5836242919	28.0029905053	57.3	2436.10086466
98.5846428579	28.0029935701	57.4	2407.38303705
98.5856614239	28.0029966274	57.5	2380.27597525
98.5866799899	28.0029996772	57.6	2354.97855986
98.587698556	28.0030027195	57.7	2331.69116785
98.5887171222	28.0030057543	57.8	2310.61566755
98.5897356884	28.0030087816	57.9	2291.95540761
98.5907542547	28.0030118013	58	2275.91520585
98.5917728211	28.0030148136	58.1	2262.71380421
98.5927913875	28.0030178183	58.2	2253.75379052
98.5938099539	28.0030208156	58.3	2249.44773049
98.5948285204	28.0030238053	58.4	2249.1750237
98.595847087	28.0030267876	58.5	2252.31422341
98.5968656536	28.0030297623	58.6	2258.24307907
98.5978842203	28.0030327295	58.7	2266.33851007
98.598902787	28.0030356892	58.8	2275.97662861
98.5999213538	28.0030386414	58.9	2286.53274368
98.6009399207	28.0030415861	59	2297.38136411
98.6019584876	28.0030445233	59.1	2307.89620406
98.6029770545	28.003047453	59.2	2317.45019104
98.6039956215	28.0030503752	59.3	2325.41547135
98.6050141886	28.0030532899	59.4	2331.16341355
98.6060327557	28.0030561971	59.5	2334.06461515
98.6070513229	28.0030590967	59.6	2333.4889121
98.6080698901	28.0030619889	59.7	2328.80537232
98.6090884574	28.0030648735	59.8	2320.02242925
98.6101070248	28.0030677507	59.9	2308.56045818
98.6111255922	28.0030706203	60	2294.72858414
98.6121441596	28.0030734824	60.1	2278.76779617
98.6131627271	28.0030763371	60.2	2260.91912758
98.6141812947	28.0030791842	60.3	2241.42366493
98.6151998623	28.0030820238	60.4	2220.52253542
98.6162184299	28.0030848559	60.5	2198.45691151
98.6172369977	28.0030876805	60.6	2175.46800542
98.6182555654	28.0030904976	60.7	2151.79708463
98.6192741333	28.0030933072	60.8	2127.68544671
98.6202927011	28.0030961093	60.9	2103.3744466
98.6213112691	28.0030989038	61	2079.10546966
98.6223298371	28.0031016909	61.1	2055.11995117
98.6233484051	28.0031044705	61.2	2031.65936874
98.6243669732	28.0031072425	61.3	2008.96523952
98.6253855413	28.0031100071	61.4	1986.90026704
98.6264041095	28.0031127641	61.5	1961.9752251
98.6274226778	28.0031155137	61.6	1933.8759463
98.6284412461	28.0031182557	61.7	1903.34175673
98.6294598144	28.0031209902	61.8	1871.11207969
98.6304783828	28.0031237172	61.9	1837.92643837
98.6314969513	28.0031264367	62	1804.52446024
98.6325155198	28.0031291487	62.1	1771.64587629
98.6335340883	28.0031318532	62.2	1740.03051323
98.6345526569	28.0031345502	62.3	1710.41829291
98.6355712256	28.0031372397	62.4	1683.54923776
98.6365897943	28.0031399217	62.5	1660.16346869
98.6376083631	28.0031425962	62.6	1641.00119686
98.6386269319	28.0031452631	62.7	1626.80273216
98.6396455007	28.0031479226	62.8	1618.30847355
98.6406640696	28.0031505745	62.9	1616.25891388
98.6416826386	28.003153219	63	1621.39474848
98.6427012076	28.0031558559	63.1	1634.63831546
98.6437197767	28.0031584854	63.2	1655.78675665
98.6447383458	28.0031611073	63.3	1683.93436803
98.6457569149	28.0031637217	63.4	1718.17509467
98.6467754841	28.0031663286	63.5	1757.60253699
98.6477940534	28.003168928	63.6	1801.30994648
98.6488126227	28.0031715199	63.7	1848.39022626
98.6498311921	28.0031741043	63.8	1897.93594777
98.6508497615	28.0031766812	63.9	1949.03933534
98.6518683309	28.0031792506	64	2000.79228322
98.6528869004	28.0031818125	64.1	2052.28635891
98.65390547	28.0031843668	64.2	2102.61279383
98.6549240396	28.0031869137	64.3	2150.86249305
98.6559426092	28.003189453	64.4	2196.12603678
98.6569611789	28.0031919849	64.5	2237.49369569
98.6579797486	28.0031945092	64.6	2274.05540656
98.6589983184	28.0031970261	64.7	2305.95400501
98.6600168883	28.0031995354	64.8	2336.30133632
98.6610354582	28.0032020372	64.9	2365.41344423
98.6620540281	28.0032045315	65	2393.32821923
98.6630725981	28.0032070183	65.1	2420.08413392
98.6640911681	28.0032094976	65.2	2445.72023046
98.6651097382	28.0032119694	65.3	2470.27612645
98.6661283083	28.0032144337	65.4	2493.79200027
98.6671468784	28.0032168905	65.5	2516.30859395
98.6681654487	28.0032193398	65.6	2537.86721014
98.6691840189	28.0032217816	65.7	2558.50969279
98.6702025892	28.0032242158	65.8	2578.27844293
98.6712211596	28.0032266426	65.9	2597.21640245
98.67223973	28.0032290618	66	2615.36704653
98.6732583004	28.0032314736	66.1	2632.77438869
98.6742768709	28.0032338778	66.2	2649.48297061
98.6752954414	28.0032362746	66.3	2665.58477553
98.676314012	28.0032386638	66.4	2681.83121117
98.6773325826	28.0032410455	66.5	2698.27966671
98.6783511533	28.0032434197	66.6	2714.68106095
98.679369724	28.0032457864	66.7	2730.78555929
98.6803882948	28.0032481456	66.8	2746.34258626
98.6814068656	28.0032504973	66.9	2761.10082539
98.6824254364	28.0032528415	67	2774.80823019
98.6834440073	28.0032551782	67.1	2787.2120298
98.6844625782	28.0032575073	67.2	2798.05872877
98.6854811492	28.003259829	67.3	2807.09412818
98.6864997202	28.0032621432	67.4	2814.06331273
98.6875182913	28.0032644498	67.5	2818.71066662
98.6885368624	28.003266749	67.6	2820.7798878
98.6895554336	28.0032690406	67.7	2820.01397282
98.6905740048	28.0032713248	67.8	2816.15524934
98.691592576	28.0032736014	67.9	2808.94535434
98.6926111473	28.0032758705	68	2796.27172948
98.6936297186	28.0032781321	68.1	2776.28248568
98.69464829	28.0032803862	68.2	2750.0855747
98.6956668614	28.0032826328	68.3	2718.80208994
98.6966854328	28.0032848719	68.4	2683.55363272
98.6977040043	28.0032871035	68.5	2645.46230548
98.6987225759	28.0032893276	68.6	2605.65071467
98.6997411475	28.0032915442	68.7	2565.24196724
98.7007597191	28.0032937532	68.8	2525.3596558
98.7017782907	28.0032959548	68.9	2487.12786659
98.7027968624	28.0032981489	69	2451.67115789
98.7038154342	28.0033003354	69.1	2420.11457159
98.704834006	28.0033025144	69.2	2393.58362915
98.7058525778	28.003304686	69.3	2373.20431624
98.7068711497	28.00330685	69.4	2360.10307935
98.7078897216	28.0033090065	69.5	2355.40683144
98.7089082935	28.0033111556	69.6	2359.92071713
98.7099268655	28.0033132971	69.7	2372.46882721
98.7109454376	28.0033154311	69.8	2392.09950229
98.7119640096	28.0033175576	69.9	2417.99122691
98.7129825817	28.0033196766	70	2449.32245159
98.7140011539	28.003321788	70.1	2485.27158158
98.7150197261	28.003323892	70.2	2525.01697479
98.7160382983	28.0033259885	70.3	2567.73695244
98.7170568706	28.0033280775	70.4	2612.60979981
98.7180754429	28.0033301589	70.5	2658.81375505
98.7190940153	28.0033322329	70.6	2705.52702333
98.7201125876	28.0033342993	70.7	2751.92776194
98.7211311601	28.0033363583	70.8	2797.19410891
98.7221497325	28.0033384097	70.9	2840.50414326
98.723168305	28.0033404536	71	2881.03592607
98.7241868776	28.00334249	71.1	2917.96747461
98.7252054502	28.0033445189	71.2	2950.54378554
98.7262240228	28.0033465404	71.3	2980.37396519
98.7272425955	28.0033485543	71.4	3008.62686375
98.7282611681	28.0033505606	71.5	3035.53349155
98.7292797409	28.0033525595	71.6	3061.32496224
98.7302983137	28.0033545509	71.7	3086.2324758
98.7313168865	28.0033565348	71.8	3110.48732791
98.7323354593	28.0033585112	71.9	3134.32090552
98.7333540322	28.00336048	72	3157.96469075
98.7343726051	28.0033624414	72.1	3181.65024248
98.7353911781	28.0033643952	72.2	3205.60922298
98.7364097511	28.0033663416	72.3	3230.07336611
98.7374283241	28.0033682804	72.4	3255.27450536
98.7384468972	28.0033702117	72.5	3281.4445534
98.7394654703	28.0033721355	72.6	3308.81550475
98.7404840434	28.0033740518	72.7	3337.61943938
98.7415026166	28.0033759607	72.8	3368.08851928
98.7425211898	28.003377862	72.9	3401.23042955
98.7435397631	28.0033797558	73	3438.16181095
98.7445583364	28.003381642	73.1	3478.23348043
98.7455769097	28.0033835208	73.2	3520.76368914
98.746595483	28.0033853921	73.3	3565.07066918
98.7476140564	28.0033872559	73.4	3610.4726259
98.7486326299	28.0033891121	73.5	3656.28773531
98.7496512033	28.0033909609	73.6	3701.8341276
98.7506697768	28.0033928021	73.7	3746.42993535
98.7516883503	28.0033946359	73.8	3789.39323901
98.7527069239	28.0033964621	73.9	3830.04211191
98.7537254975	28.0033982808	74	3867.6945841
98.7547440712	28.0034000921	74.1	3901.66866718
98.7557626448	28.0034018958	74.2	3931.28234445
98.7567812185	28.003403692	74.3	3955.85357828
98.7577997923	28.0034054807	74.4	3974.7003007
98.758818366	28.0034072619	74.5	3987.00182274
98.7598369398	28.0034090356	74.6	3991.75470226
98.7608555137	28.0034108018	74.7	3989.67174126
98.7618740875	28.0034125604	74.8	3981.70804924
98.7628926615	28.0034143116	74.9	3968.81843562
98.7639112354	28.0034160553	75	3951.95743201
98.7649298094	28.0034177914	75.1	3932.07927704
98.7659483834	28.0034195201	75.2	3910.13792847
98.7669669574	28.0034212412	75.3	3887.08706621
98.7679855315	28.0034229549	75.4	3863.88008857
98.7690041056	28.003424661	75.5	3841.47012654
98.7700226797	28.0034263596	75.6	3820.81003716
98.7710412539	28.0034280507	75.7	3802.85240863
98.7720598281	28.0034297343	75.8	3788.54956855
98.7730784023	28.0034314104	75.9	3778.85358079
98.7740969766	28.003433079	76	3774.71625061
98.7751155508	28.0034347401	76.1	3777.08337016
98.7761341252	28.0034363937	76.2	3786.00642459
98.7771526995	28.0034380398	76.3	3800.56101748
98.7781712739	28.0034396784	76.4	3819.94488732
98.7791898483	28.0034413094	76.5	3843.35594614
98.7802084228	28.003442933	76.6	3869.99228921
98.7812269973	28.003444549	76.7	3899.05217792
98.7822455718	28.0034461576	76.8	3929.73405186
98.7832641463	28.0034477586	76.9	3961.23651844
98.7842827209	28.0034493522	77	3992.75835986
98.7853012955	28.0034509382	77.1	4023.49851656
98.7863198701	28.0034525167	77.2	4052.65609893
98.7873384448	28.0034540877	77.3	4079.43038245
98.7883570194	28.0034556512	77.4	4103.02079605
98.7893755942	28.0034572072	77.5	4122.62693958
98.7903941689	28.0034587557	77.6	4137.4485575
98.7914127437	28.0034602967	77.7	4146.685559
98.7924313185	28.0034618302	77.8	4150.28775791
98.7934498933	28.0034633562	77.9	4149.87937576
98.7944684682	28.0034648746	78	4145.89731661
98.7954870431	28.0034663856	78.1	4138.70780936
98.796505618	28.003467889	78.2	4128.67701051
98.7975241929	28.003469385	78.3	4116.17100213
98.7985427679	28.0034708734	78.4	4101.55579447
98.7995613429	28.0034723544	78.5	4085.19732752
98.800579918	28.0034738278	78.6	4067.4614703
98.801598493	28.0034752937	78.7	4048.71402625
98.8026170681	28.0034767521	78.8	4029.32072387
98.8036356432	28.003478203	78.9	4009.64722974
98.8046542184	28.0034796464	79	3990.05914024
98.8056727935	28.0034810823	79.1	3970.92199189
98.8066913687	28.0034825107	79.2	3952.60124901
98.807709944	28.0034839316	79.3	3935.46231618
98.8087285192	28.003485345	79.4	3919.62224782
98.8097470945	28.0034867508	79.5	3902.97166405
98.8107656698	28.0034881492	79.6	3885.13585339
98.8117842451	28.00348954	79.7	3866.3500187
98.8128028205	28.0034909234	79.8	3846.84956757
98.8138213959	28.0034922992	79.9	3826.87012995
98.8148399713	28.0034936676	80	3806.64753335
98.8158585467	28.0034950284	80.1	3786.41781986
98.8168771222	28.0034963817	80.2	3766.41722453
98.8178956977	28.0034977275	80.3	3746.88218818
98.8189142732	28.0034990658	80.4	3728.04934615
98.8199328487	28.0035003966	80.5	3710.15552753
98.8209514243	28.0035017199	80.6	3693.43775065
98.8219699999	28.0035030357	80.7	3678.13322536
98.8229885755	28.003504344	80.8	3664.47934487
98.8240071511	28.0035056448	80.9	3652.71368477
98.8250257268	28.003506938	81	3643.07415527
98.8260443024	28.0035082238	81.1	3635.94919626
98.8270628782	28.003509502	81.2	3631.32908329
98.8280814539	28.0035107728	81.3	3628.88956797
98.8291000296	28.003512036	81.4	3628.30645884
98.8301186054	28.0035132918	81.5	3629.25558627
98.8311371812	28.00351454	81.6	3631.4128389
98.8321557571	28.0035157807	81.7	3634.45412985
98.8331743329	28.0035170139	81.8	3638.05541409
98.8341929088	28.0035182396	81.9	3641.89268525
98.8352114847	28.0035194578	82	3645.64197263
98.8362300606	28.0035206685	82.1	3648.97934195
98.8372486366	28.0035218717	82.2	3651.58089462
98.8382672125	28.0035230674	82.3	3653.12276608
98.8392857885	28.0035242556	82.4	3653.28112673
98.8403043645	28.0035254363	82.5	3651.73217994
98.8413229406	28.0035266094	82.6	3648.15216596
98.8423415166	28.0035277751	82.7	3642.79753755
98.8433600927	28.0035289332	82.8	3637.33657536
98.8443786688	28.0035300839	82.9	3631.76461514
98.8453972449	28.003531227	83	3625.9294757
98.846415821	28.0035323626	83.1	3619.67868615
98.8474343972	28.0035334908	83.2	3612.85950231
98.8484529734	28.0035346114	83.3	3605.31892033
98.8494715496	28.0035357245	83.4	3596.90366187
98.8504901258	28.0035368301	83.5	3587.46019102
98.8515087021	28.0035379282	83.6	3576.83471442
98.8525272784	28.0035390188	83.7	3564.87318876
98.8535458546	28.0035401019	83.8	3551.42132366
98.854564431	28.0035411774	83.9	3536.3245802
98.8555830073	28.0035422455	84	3519.428188
98.8566015836	28.0035433061	84.1	3500.57713793
98.85762016	28.0035443591	84.2	3479.61618884
98.8586387364	28.0035454047	84.3	3456.3441353
98.8596573128	28.0035464427	84.4	3430.02511983
98.8606758892	28.0035474732	84.5	3400.71796007
98.8616944657	28.0035484963	84.6	3368.77223766
98.8627130421	28.0035495118	84.7	3334.53758165
98.8637316186	28.0035505198	84.8	3298.36365241
98.8647501951	28.0035515203	84.9	3260.60015932
98.8657687717	28.0035525133	85	3221.59684408
98.8667873482	28.0035534988	85.1	3181.7034987
98.8678059248	28.0035544768	85.2	3141.26993785
98.8688245014	28.0035554473	85.3	3100.64602537
98.869843078	28.0035564103	85.4	3060.18165797
98.8708616546	28.0035573657	85.5	3020.22676654
98.8718802312	28.0035583137	85.6	2981.1313232
98.8728988079	28.0035592542	85.7	2943.24532542
98.8739173845	28.0035601871	85.8	2906.91881585
98.8749359612	28.0035611126	85.9	2872.50186204
98.8759545379	28.0035620305	86	2839.16661882
98.8769731146	28.0035629409	86.1	2805.62511704
98.8779916914	28.0035638438	86.2	2772.00056942
98.8790102681	28.0035647393	86.3	2738.42146275
98.8800288449	28.0035656272	86.4	2705.01636968
98.8810474217	28.0035665076	86.5	2671.91398106
98.8820659985	28.0035673805	86.6	2639.24308314
98.8830845753	28.0035682459	86.7	2607.13256071
98.8841031522	28.0035691037	86.8	2575.71139067
98.885121729	28.0035699541	86.9	2545.10865796
98.8861403059	28.003570797	87	2515.45352343
98.8871588828	28.0035716324	87.1	2486.87524896
98.8881774597	28.0035724602	87.2	2459.50318079
98.8891960366	28.0035732806	87.3	2433.4667547
98.8902146136	28.0035740934	87.4	2408.8954844
98.8912331905	28.0035748987	87.5	2385.91897606
98.8922517675	28.0035756966	87.6	2364.21931337
98.8932703445	28.0035764869	87.7	2342.00869696
98.8942889214	28.0035772697	87.8	2319.41095951
98.8953074985	28.003578045	87.9	2296.80305152
98.8963260755	28.0035788128	88	2274.56193217
98.8973446525	28.0035795731	88.1	2253.06454716
98.8983632296	28.0035803259	88.2	2232.6878379
98.8993818066	28.0035810712	88.3	2213.80874727
98.9004003837	28.003581809	88.4	2196.80420607
98.9014189608	28.0035825392	88.5	2182.05114558
98.9024375379	28.003583262	88.6	2169.92649325
98.9034561151	28.0035839773	88.7	2160.80716912
98.9044746922	28.003584685	88.8	2155.07009146
98.9054932693	28.0035853853	88.9	2153.09217425
98.9065118465	28.003586078	89	2155.25032514
98.9075304237	28.0035867632	89.1	2161.92145063
98.9085490009	28.003587441	89.2	2173.53038373
98.9095675781	28.0035881112	89.3	2191.59601582
98.9105861553	28.0035887739	89.4	2216.11913997
98.9116047325	28.0035894291	89.5	2246.31601535
98.9126233097	28.0035900768	89.6	2281.40288113
98.913641887	28.003590717	89.7	2320.59596098
98.9146604643	28.0035913497	89.8	2363.11145202
98.9156790415	28.0035919748	89.9	2408.16552975
98.9166976188	28.0035925925	90	2454.97437007
98.9177161961	28.0035932027	90.1	2502.75411301
98.9187347734	28.0035938053	90.2	2550.72088528
98.9197533507	28.0035944005	90.3	2598.09080301
98.9207719281	28.0035949881	90.4	2644.07996217
98.9217905054	28.0035955683	90.5	2687.90443827
98.9228090828	28.0035961409	90.6	2728.78029976
98.9238276601	28.003596706	90.7	2765.92359085
98.9248462375	28.0035972636	90.8	2798.55035427
98.9258648149	28.0035978137	90.9	2827.31375914
98.9268833923	28.0035983564	91	2854.4376031
98.9279019697	28.0035988914	91.1	2880.06283366
98.9289205471	28.003599419	91.2	2904.2882703
98.9299391245	28.0035999391	91.3	2927.21265402
98.930957702	28.0036004517	91.4	2948.93466696
98.9319762794	28.0036009568	91.5	2969.55292308
98.9329948569	28.0036014543	91.6	2989.165981
98.9340134343	28.0036019444	91.7	3007.87234599
98.9350320118	28.0036024269	91.8	3025.77045942
98.9360505893	28.003602902	91.9	3042.95872095
98.9370691668	28.0036033695	92	3059.53546378
98.9380877443	28.0036038296	92.1	3075.59899052
98.9391063218	28.0036042821	92.2	3091.24753877
98.9401248993	28.0036047271	92.3	3106.57931592
98.9411434769	28.0036051646	92.4	3121.69248414
98.9421620544	28.0036055946	92.5	3136.51909921
98.9431806319	28.0036060171	92.6	3150.12744751
98.9441992095	28.0036064321	92.7	3162.49014249
98.945217787	28.0036068396	92.8	3173.76779125
98.9462363646	28.0036072396	92.9	3184.12103028
98.9472549422	28.003607632	93	3193.71051186
98.9482735198	28.003608017	93.1	3202.69692712
98.9492920973	28.0036083945	93.2	3211.24097418
98.9503106749	28.0036087644	93.3	3219.50337563
98.9513292525	28.0036091269	93.4	3227.64488605
98.9523478301	28.0036094818	93.5	3235.82626289
98.9533664078	28.0036098292	93.6	3244.20829714
98.9543849854	28.0036101692	93.7	3252.95179533
98.955403563	28.0036105016	93.8	3262.217572
98.9564221406	28.0036108265	93.9	3272.16647012
98.9574407183	28.0036111439	94	3282.95934579
98.9584592959	28.0036114538	94.1	3294.74531556
98.9594778736	28.0036117562	94.2	3306.74174788
98.9604964512	28.0036120511	94.3	3318.48408224
98.9615150289	28.0036123384	94.4	3330.09275991
98.9625336066	28.0036126183	94.5	3341.6882857
98.9635521842	28.0036128907	94.6	3353.39121137
98.9645707619	28.0036131555	94.7	3365.32214552
98.9655893396	28.0036134129	94.8	3377.60174863
98.9666079173	28.0036136627	94.9	3390.35072081
98.967626495	28.0036139051	95	3403.68981168
98.9686450727	28.0036141399	95.1	3417.73980537
98.9696636504	28.0036143672	95.2	3432.62152649
98.9706822281	28.003614587	95.3	3448.4558319
98.9717008058	28.0036147993	95.4	3465.36360896
98.9727193835	28.0036150042	95.5	3483.46577222
98.9737379612	28.0036152015	95.6	3502.88326077
98.974756539	28.0036153912	95.7	3523.73703732
98.9757751167	28.0036155735	95.8	3546.41784239
98.9767936944	28.0036157483	95.9	3571.45841836
98.9778122721	28.0036159156	96	3598.57792308
98.9788308499	28.0036160753	96.1	3627.46476867
98.9798494276	28.0036162276	96.2	3657.80734046
98.9808680054	28.0036163724	96.3	3689.29402302
98.9818865831	28.0036165096	96.4	3721.61317507
98.9829051608	28.0036166393	96.5	3754.45314973
98.9839237386	28.0036167616	96.6	3787.50228818
98.9849423163	28.0036168763	96.7	3820.44891348
98.9859608941	28.0036169835	96.8	3852.98134847
98.9869794719	28.0036170832	96.9	3884.78789781
98.9879980496	28.0036171754	97	3915.55685795
98.9890166274	28.0036172601	97.1	3944.97652676
98.9900352051	28.0036173373	97.2	3972.73518362
98.9910537829	28.003617407	97.3	3998.52111332
98.9920723606	28.0036174692	97.4	4022.23926403
98.9930909384	28.0036175238	97.5	4045.63941258
98.9941095162	28.003617571	97.6	4069.02243634
98.9951280939	28.0036176107	97.7	4092.20226989
98.9961466717	28.0036176428	97.8	4114.992838
98.9971652495	28.0036176675	97.9	4137.20804496
98.9981838272	28.0036176846	98	4158.66178575
98.999202405	28.0036176942	98.1	4179.16795442
99.0002209828	28.0036176964	98.2	4198.54043539
99.0012395605	28.003617691	98.3	4216.59311127
99.0022581383	28.0036176781	98.4	4233.13987336
99.0032767161	28.0036176577	98.5	4247.9946125
99.0042952938	28.0036176298	98.6	4260.9712285
99.0053138716	28.0036175944	98.7	4271.88363628
99.0063324494	28.0036175515	98.8	4280.54576128
99.0073510271	28.003617501	98.9	4286.77154597
99.0083696049	28.0036174431	99	4290.37434382
99.0093881827	28.0036173777	99.1	4290.74811817
99.0104067604	28.0036173047	99.2	4287.72140078
99.0114253382	28.0036172243	99.3	4281.65947148
99.0124439159	28.0036171363	99.4	4272.92760571
99.0134624937	28.0036170409	99.5	4261.89107596
99.0144810714	28.0036169379	99.6	4248.91514571
99.0154996492	28.0036168274	99.7	4234.36506463
99.0165182269	28.0036167095	99.8	4218.60607105
99.0175368047	28.003616584	99.9	4202.0033761
99.0185553824	28.003616451	100	4184.9221754
99.0195739602	28.0036163105	100.1	4167.72763013
99.0205925379	28.0036161625	100.2	4150.78487719
99.0216111157	28.0036160069	100.3	4134.45901236
99.0226296934	28.0036158439	100.4	4119.11509861
99.0236482711	28.0036156734	100.5	4105.11815255
99.0246668488	28.0036154954	100.6	4092.83314628
99.0256854266	28.0036153098	100.7	4082.19593115
99.0267040043	28.0036151168	100.8	4072.02056409
99.027722582	28.0036149162	100.9	4062.17851703
99.0287411597	28.0036147081	101	4052.63554101
99.0297597374	28.0036144926	101.1	4043.35742366
99.0307783151	28.0036142695	101.2	4034.30999421
99.0317968928	28.0036140389	101.3	4025.45912623
99.0328154705	28.0036138008	101.4	4016.77074354
99.0338340482	28.0036135552	101.5	4008.21082434
99.0348526259	28.0036133021	101.6	3999.74540581
99.0358712036	28.0036130415	101.7	3991.34058862
99.0368897813	28.0036127734	101.8	3982.96254148
99.0379083589	28.0036124978	101.9	3974.57750655
99.0389269366	28.0036122147	102	3966.15180062
99.0399455143	28.003611924	102.1	3957.65182371
99.0409640919	28.0036116259	102.2	3949.04406501
99.0419826696	28.0036113202	102.3	3940.33062466
99.0430012472	28.0036110071	102.4	3931.9855279
99.0440198248	28.0036106864	102.5	3924.08756989
99.0450384025	28.0036103583	102.6	3916.53439381
99.0460569801	28.0036100226	102.7	3909.22355662
99.0470755577	28.0036096794	102.8	3902.05252204
99.0480941353	28.0036093287	102.9	3894.91865532
99.0491127129	28.0036089705	103	3887.71921676
99.0501312905	28.0036086048	103.1	3880.3513556
99.0511498681	28.0036082316	103.2	3872.71210376
99.0521684457	28.0036078509	103.3	3864.69836963
99.0531870233	28.0036074627	103.4	3856.20693192
99.0542056009	28.0036070669	103.5	3847.13443583
99.0552241784	28.0036066637	103.6	3837.37737836
99.056242756	28.003606253	103.7	3826.83211205
99.0572613335	28.0036058347	103.8	3815.39483976
99.0582799111	28.003605409	103.9	3802.96159029
99.0592984886	28.0036049757	104	3788.66813099
99.0603170661	28.0036045349	104.1	3771.82659866
99.0613356436	28.0036040867	104.2	3752.87931704
99.0623542211	28.0036036309	104.3	3732.27129975
99.0633727986	28.0036031676	104.4	3710.44765671
99.0643913761	28.0036026968	104.5	3687.85361154
99.0654099536	28.0036022185	104.6	3664.93450364
99.0664285311	28.0036017327	104.7	3642.13579337
99.0674471085	28.0036012394	104.8	3619.90306936
99.068465686	28.0036007385	104.9	3598.68204655
99.0694842634	28.0036002302	105	3578.91857987
99.0705028409	28.0035997144	105.1	3561.05866308
99.0715214183	28.003599191	105.2	3545.54844315
99.0725399957	28.0035986602	105.3	3532.83421073
99.0735585731	28.0035981218	105.4	3523.36241918
99.0745771505	28.003597576	105.5	3517.57968113
99.0755957279	28.0035970226	105.6	3515.6718889
99.0766143052	28.0035964617	105.7	3516.68677321
99.0776328826	28.0035958933	105.8	3520.32235869
99.0786514599	28.0035953175	105.9	3526.38980608
99.0796700373	28.0035947341	106	3534.70023218
99.0806886146	28.0035941432	106.1	3545.06470074
99.0817071919	28.0035935448	106.2	3557.29422752
99.0827257692	28.0035929388	106.3	3571.19977559
99.0837443465	28.0035923254	106.4	3586.59225166
99.0847629238	28.0035917045	106.5	3603.28250799
99.0857815011	28.0035910761	106.6	3621.08133811
99.0868000783	28.0035904401	106.7	3639.79947474
99.0878186556	28.0035897967	106.8	3659.24759147
99.0888372328	28.0035891457	106.9	3679.23629476
99.08985581	28.0035884873	107	3699.57612706
99.0908743872	28.0035878213	107.1	3720.07756623
99.0918929644	28.0035871478	107.2	3740.6271531
99.0929115416	28.0035864668	107.3	3763.0637932
99.0939301188	28.0035857783	107.4	3787.96120783
99.0949486959	28.0035850823	107.5	3814.94079685
99.0959672731	28.0035843788	107.6	3843.6239072
99.0969858502	28.0035836678	107.7	3873.63181226
99.0980044273	28.0035829493	107.8	3904.58572932
99.0990230044	28.0035822233	107.9	3936.10680673
99.1000415815	28.0035814898	108	3967.81612489
99.1010601586	28.0035807487	108.1	3999.33469644
99.1020787357	28.0035800002	108.2	4030.2834567
99.1030973127	28.0035792442	108.3	4060.28327065
99.1041158897	28.0035784806	108.4	4088.95493458
99.1051344668	28.0035777095	108.5	4115.91916332
99.1061530438	28.003576931	108.6	4140.79658528
99.1071716208	28.0035761449	108.7	4163.20776298
99.1081901977	28.0035753513	108.8	4182.77316609
99.1092087747	28.0035745502	108.9	4199.974389
99.1102273516	28.0035737416	109	4216.08025775
99.1112459286	28.0035729255	109.1	4231.08190257
99.1122645055	28.0035721019	109.2	4244.94865921
99.1132830824	28.0035712708	109.3	4257.64995575
99.1143016593	28.0035704322	109.4	4269.15530888
99.1153202361	28.0035695861	109.5	4279.43432669
99.116338813	28.0035687324	109.6	4288.45671566
99.1173573898	28.0035678713	109.7	4296.19227252
99.1183759666	28.0035670026	109.8	4302.61089917
99.1193945434	28.0035661265	109.9	4307.68259527
99.1204131202	28.0035652428	110	4311.3774657
99.121431697	28.0035643517	110.1	4313.6657202
99.1224502737	28.003563453	110.2	4314.51767653
99.1234688505	28.0035625468	110.3	4313.90376299
99.1244874272	28.0035616331	110.4	4311.79452033
99.1255060039	28.0035607119	110.5	4307.96932825
99.1265245805	28.0035597832	110.6	4301.36845594
99.1275431572	28.003558847	110.7	4292.10528394
99.1285617339	28.0035579033	110.8	4280.50444339
99.1295803105	28.0035569521	110.9	4266.89061068
99.1305988871	28.0035559934	111	4251.58850489
99.1316174637	28.0035550271	111.1	4234.92289056
99.1326360403	28.0035540534	111.2	4217.21858445
99.1336546168	28.0035530721	111.3	4198.80044605
99.1346731933	28.0035520834	111.4	4179.99338779
99.1356917699	28.0035510871	111.5	4161.12236353
99.1367103464	28.0035500834	111.6	4142.51239218
99.1377289228	28.0035490721	111.7	4124.48853116
99.1387474993	28.0035480533	111.8	4107.37589408
99.1397660757	28.003547027	111.9	4091.49965254
99.1407846522	28.0035459932	112	4077.18502611
99.1418032286	28.0035449519	112.1	4064.74407935
99.1428218049	28.0035439031	112.2	4053.51398428
99.1438403813	28.0035428468	112.3	4042.93325359
99.1448589576	28.003541783	112.4	4032.94379626
99.145877534	28.0035407117	112.5	4023.48751683
99.1468961103	28.0035396328	112.6	4014.50632013
99.1479146866	28.0035385465	112.7	4005.94211633
99.1489332628	28.0035374526	112.8	3997.7368049
99.1499518391	28.0035363513	112.9	3989.83229372
99.1509704153	28.0035352424	113	3982.17048129
99.1519889915	28.0035341261	113.1	3974.69327418
99.1530075676	28.0035330022	113.2	3967.34256799
99.1540261438	28.0035318708	113.3	3960.06026338
99.1550447199	28.0035307319	113.4	3952.78825967
99.156063296	28.0035295855	113.5	3945.46845258
99.1570818721	28.0035284316	113.6	3938.04273697
99.1581004482	28.0035272702	113.7	3930.45300603
99.1591190242	28.0035261013	113.8	3923.1224936
99.1601376003	28.0035249249	113.9	3916.98887587
99.1611561763	28.003523741	114	3911.84951121
99.1621747523	28.0035225495	114.1	3907.45776329
99.1631933282	28.0035213506	114.2	3903.56694124
99.1642119041	28.0035201441	114.3	3899.93028419
99.1652304801	28.0035189302	114.4	3896.30097467
99.1662490559	28.0035177087	114.5	3892.43212665
99.1672676318	28.0035164798	114.6	3888.07679178
99.1682862076	28.0035152433	114.7	3882.98795305
99.1693047835	28.0035139993	114.8	3876.91852733
99.1703233593	28.0035127478	114.9	3869.62136425
99.171341935	28.0035114888	115	3860.84924328
99.1723605108	28.0035102223	115.1	3850.35487134
99.1733790865	28.0035089483	115.2	3837.8908877
99.1743976622	28.0035076668	115.3	3823.20985614
99.1754162379	28.0035063778	115.4	3805.98632981
99.1764348135	28.0035050813	115.5	3785.50656876
99.1774533892	28.0035037772	115.6	3762.0035807
99.1784719648	28.0035024657	115.7	3735.91332598
99.1794905403	28.0035011467	115.8	3707.67164728
99.1805091159	28.0034998201	115.9	3677.7142636
99.1815276914	28.0034984861	116	3646.47678002
99.1825462669	28.0034971445	116.1	3614.39467803
99.1835648424	28.0034957954	116.2	3581.90331268
99.1845834178	28.0034944388	116.3	3549.43791842
99.1856019933	28.0034930748	116.4	3517.43358984
99.1866205686	28.0034917032	116.5	3486.32531649
99.187639144	28.0034903241	116.6	3456.54793002
99.1886577194	28.0034889375	116.7	3428.5361444
99.1896762947	28.0034875433	116.8	3402.72454194
99.19069487	28.0034861417	116.9	3379.54755243
99.1917134452	28.0034847326	117	3359.43872657
99.1927320205	28.003483316	117.1	3342.30728547
99.1937505957	28.0034818918	117.2	3327.63269437
99.1947691709	28.0034804602	117.3	3315.10842289
99.195787746	28.003479021	117.4	3304.42808008
99.1968063212	28.0034775744	117.5	3295.28537806
99.1978248963	28.0034761202	117.6	3287.37417348
99.1988434714	28.0034746586	117.7	3280.38842968
99.1998620464	28.0034731894	117.8	3274.0222559
99.2008806214	28.0034717127	117.9	3267.96987721
99.2018991964	28.0034702285	118	3261.92565487
99.2029177714	28.0034687368	118.1	3255.58408332
99.2039363463	28.0034672376	118.2	3248.6397926
99.2049549212	28.0034657309	118.3	3240.78754829
99.2059734961	28.0034642167	118.4	3231.72225508
99.206992071	28.0034626949	118.5	3221.13896207
99.2080106458	28.0034611657	118.6	3208.73284972
99.2090292206	28.003459629	118.7	3194.60342323
99.2100477953	28.0034580847	118.8	3179.83122202
99.2110663701	28.003456533	118.9	3164.49907462
99.2120849448	28.0034549737	119	3148.60785065
99.2131035194	28.003453407	119.1	3132.15820764
99.2141220941	28.0034518327	119.2	3115.15062178
99.2151406687	28.0034502509	119.3	3097.5853657
99.2161592433	28.0034486616	119.4	3079.46251148
99.2171778179	28.0034470649	119.5	3060.78192601
99.2181963924	28.0034454606	119.6	3041.54328716
99.2192149669	28.0034438488	119.7	3021.74604829
99.2202335413	28.0034422294	119.8	3001.38946631
99.2212521158	28.0034406026	119.9	2980.47256592
99.2222706902	28.0034389683	120	2958.99417964
99.2232892645	28.0034373265	120.1	2936.95291447
99.2243078389	28.0034356771	120.2	2914.34715814
99.2253264132	28.0034340203	120.3	2890.959631
99.2263449875	28.003432356	120.4	2864.00494138
99.2273635617	28.0034306841	120.5	2833.23717348
99.2283821359	28.0034290047	120.6	2799.43983498
99.2294007101	28.0034273179	120.7	2763.39672041
99.2304192843	28.0034256235	120.8	2725.89192279
99.2314378584	28.0034239216	120.9	2687.70981727
99.2324564325	28.0034222122	121	2649.63506877
99.2334750065	28.0034204953	121.1	2612.45264613
99.2344935806	28.0034187709	121.2	2576.94780716
99.2355121545	28.003417039	121.3	2543.90613013
99.2365307285	28.0034152996	121.4	2514.11347946
99.2375493024	28.0034135527	121.5	2488.35604505
99.2385678763	28.0034117983	121.6	2467.42032073
99.2395864502	28.0034100363	121.7	2452.09312068
99.240605024	28.0034082669	121.8	2443.1615755
99.2416235978	28.0034064899	121.9	2441.41314034
99.2426421715	28.0034047055	122	2447.61648139
99.2436607453	28.0034029135	122.1	2461.47415936
99.244679319	28.0034011141	122.2	2482.11073094
99.2456978926	28.0033993071	122.3	2508.65038773
99.2467164662	28.0033974926	122.4	2540.21741663
99.2477350398	28.0033956706	122.5	2575.93619675
99.2487536134	28.0033938411	122.6	2614.93120199
99.2497721869	28.0033920041	122.7	2656.32699814
99.2507907604	28.0033901596	122.8	2699.24825638
99.2518093338	28.0033883076	122.9	2742.81973843
99.2528279072	28.0033864481	123	2786.1663145
99.2538464806	28.0033845811	123.1	2828.41295168
99.2548650539	28.0033827065	123.2	2868.68471455
99.2558836273	28.0033808245	123.3	2906.10678606
99.2569022005	28.0033789349	123.4	2939.80443181
99.2579207738	28.0033770379	123.5	2968.9030488
99.258939347	28.0033751333	123.6	2993.17479159
99.2599579201	28.0033732213	123.7	3014.92895301
99.2609764932	28.0033713017	123.8	3034.68344959
99.2619950663	28.0033693746	123.9	3052.68676211
99.2630136394	28.00336744	124	3069.18690386
99.2640322124	28.0033654979	124.1	3084.43141525
99.2650507854	28.0033635484	124.2	3098.66736343
99.2660693583	28.0033615912	124.3	3112.14133004
99.2670879312	28.0033596266	124.4	3125.09941411
99.2681065041	28.0033576545	124.5	3137.7872205
99.2691250769	28.0033556749	124.6	3150.44985618
99.2701436497	28.0033536878	124.7	3163.33192859
99.2711622225	28.0033516931	124.8	3176.67753765
99.2721807952	28.003349691	124.9	3190.73026716
99.2731993679	28.0033476813	125	3205.7331896
99.2742179405	28.0033456642	125.1	3221.92884808
99.2752365131	28.0033436395	125.2	3239.56323354
99.2762550857	28.0033416073	125.3	3258.8452475
99.2772736582	28.0033395677	125.4	3279.58775797
99.2782922307	28.0033375205	125.5	3301.50928385
99.2793108032	28.0033354658	125.6	3324.32884361
99.2803293756	28.0033334036	125.7	3347.76596397
99.2813479479	28.0033313339	125.8	3371.54068858
99.2823665203	28.0033292567	125.9	3395.37358558
99.2833850926	28.003327172	126	3418.98573863
99.2844036648	28.0033250797	126.1	3442.09876552
99.285422237	28.00332298	126.2	3464.43482285
99.2864408092	28.0033208728	126.3	3485.71660378
99.2874593814	28.003318758	126.4	3505.66734574
99.2884779534	28.0033166358	126.5	3524.01083678
99.2894965255	28.003314506	126.6	3540.47142451
99.2905150975	28.0033123688	126.7	3554.77401425
99.2915336695	28.003310224	126.8	3566.64407552
99.2925522414	28.0033080717	126.9	3575.33870352
99.2935708133	28.003305912	127	3580.30286107
99.2945893852	28.0033037447	127.1	3582.07358511
99.295607957	28.0033015699	127.2	3581.2005353
99.2966265287	28.0032993876	127.3	3578.23306575
99.2976451005	28.0032971978	127.4	3573.72022245
99.2986636722	28.0032950005	127.5	3568.21074309
99.2996822438	28.0032927956	127.6	3562.25305052
99.3007008154	28.0032905833	127.7	3556.39525597
99.301719387	28.0032883635	127.8	3551.18514804
99.3027379585	28.0032861361	127.9	3547.17019482
99.30375653	28.0032839013	128	3544.89754294
99.3047751014	28.0032816589	128.1	3544.91400764
99.3057936728	28.0032794091	128.2	3547.76607822
99.3068122441	28.0032771517	128.3	3553.99990675
99.3078308154	28.0032748868	128.4	3564.16131312
99.3088493867	28.0032726145	128.5	3578.91289915
99.3098679579	28.0032703346	128.6	3598.99218833
99.3108865291	28.0032680472	128.7	3623.80766457
99.3119051002	28.0032657523	128.8	3652.60420074
99.3129236713	28.0032634499	128.9	3684.62689351
99.3139422424	28.00326114	129	3719.12105765
99.3149608134	28.0032588226	129.1	3755.33222657
99.3159793843	28.0032564976	129.2	3792.50616057
99.3169979553	28.0032541652	129.3	3829.88885621
99.3180165261	28.0032518253	129.4	3866.72651779
99.319035097	28.0032494778	129.5	3902.26560154
99.3200536677	28.0032471229	129.6	3935.7527774
99.3210722385	28.0032447604	129.7	3966.43496633
99.3220908092	28.0032423904	129.8	3993.55931183
99.3231093798	28.003240013	129.9	4016.37320263
99.3241279504	28.003237628	130	4034.12426682
99.325146521	28.0032352355	130.1	4046.09057896
99.3261650915	28.0032328355	130.2	4053.55338644
99.327183662	28.003230428	130.3	4057.69182843
99.3282022324	28.003228013	130.4	4058.73453333
99.3292208028	28.0032255905	130.5	4056.90967635
99.3302393731	28.0032231605	130.6	4052.44497529
99.3312579434	28.003220723	130.7	4045.56768617
99.3322765136	28.003218278	130.8	4036.50460116
99.3332950838	28.0032158254	130.9	4025.48204285
99.334313654	28.0032133654	131	4012.72586036
99.3353322241	28.0032108978	131.1	3998.46143063
99.3363507941	28.0032084228	131.2	3982.9136464
99.3373693641	28.0032059402	131.3	3966.30691899
99.3383879341	28.0032034502	131.4	3948.86516898
99.339406504	28.0032009526	131.5	3930.811833
99.3404250738	28.0031984475	131.6	3912.36984689
99.3414436437	28.0031959349	131.7	3893.76164539
99.3424622134	28.0031934148	131.8	3874.16605723
99.3434807831	28.0031908872	131.9	3851.60919575
99.3444993528	28.0031883521	132	3826.41706032
99.3455179224	28.0031858095	132.1	3798.99923717
99.346536492	28.0031832594	132.2	3769.76541257
99.3475550616	28.0031807018	132.3	3739.12538097
99.348573631	28.0031781366	132.4	3707.48905088
99.3495922005	28.003175564	132.5	3675.26641825
99.3506107698	28.0031729839	132.6	3642.86760934
99.3516293392	28.0031703962	132.7	3610.70283897
99.3526479085	28.003167801	132.8	3579.18244442
99.3536664777	28.0031651984	132.9	3548.71686635
99.3546850469	28.0031625882	133	3519.71665393
99.355703616	28.0031599705	133.1	3492.59247059
99.3567221851	28.0031573453	133.2	3467.75508579
99.3577407542	28.0031547127	133.3	3445.61538376
99.3587593231	28.0031520725	133.4	3426.6026915
99.3597778921	28.0031494248	133.5	3410.98639216
99.360796461	28.0031467696	133.6	3398.37607758
99.3618150298	28.0031441068	133.7	3388.29649714
99.3628335986	28.0031414366	133.8	3380.27311651
99.3638521673	28.0031387589	133.9	3373.83211793
99.364870736	28.0031360737	134	3368.50040759
99.3658893046	28.0031333809	134.1	3363.80561987
99.3669078732	28.0031306807	134.2	3359.27613262
99.3679264418	28.0031279729	134.3	3354.44105359
99.3689450102	28.0031252576	134.4	3348.83024847
99.3699635787	28.0031225349	134.5	3341.97433496
99.3709821471	28.0031198046	134.6	3333.40467925
99.3720007154	28.0031170668	134.7	3322.65342442
99.3730192837	28.0031143215	134.8	3309.25347872
99.3740378519	28.0031115687	134.9	3292.73852925
99.3750564201	28.0031088084	135	3272.64509744
99.3760749882	28.0031060406	135.1	3249.37711251
99.3770935562	28.0031032653	135.2	3223.65866378
99.3781121243	28.0031004825	135.3	3195.71920974
99.3791306922	28.0030976922	135.4	3165.78789664
99.3801492601	28.0030948944	135.5	3134.09352873
99.381167828	28.003092089	135.6	3100.86457927
99.3821863958	28.0030892762	135.7	3066.32920899
99.3832049635	28.0030864558	135.8	3030.71521732
99.3842235312	28.003083628	135.9	2994.25008423
99.3852420989	28.0030807926	136	2957.16093089
99.3862606665	28.0030779497	136.1	2919.67455545
99.387279234	28.0030750994	136.2	2882.01740639
99.3882978015	28.0030722415	136.3	2844.41556617
99.3893163689	28.0030693761	136.4	2807.09478893
99.3903349363	28.0030665032	136.5	2770.28046377
99.3913535036	28.0030636228	136.6	2734.19763184
99.3923720709	28.0030607349	136.7	2697.85498201
99.3933906381	28.0030578395	136.8	2658.10280697
99.3944092052	28.0030549365	136.9	2615.42201802
99.3954277723	28.0030520261	137	2570.54059792
99.3964463394	28.0030491082	137.1	2524.18597335
99.3974649064	28.0030461827	137.2	2477.08502341
99.3984834733	28.0030432498	137.3	2429.96407288
99.3995020402	28.0030403093	137.4	2383.54887063
99.400520607	28.0030373614	137.5	2338.56461772
99.4015391738	28.0030344059	137.6	2295.73592971
99.4025577405	28.0030314429	137.7	2255.78686244
99.4035763071	28.0030284725	137.8	2219.44088848
99.4045948737	28.0030254945	137.9	2187.42089393
99.4056134403	28.003022509	138	2160.44918615
99.4066320067	28.003019516	138.1	2139.24748611
99.4076505732	28.0030165155	138.2	2124.53691075
99.4086691395	28.0030135075	138.3	2117.08303456
99.4096877059	28.003010492	138.4	2117.72272626
99.4107062721	28.0030074689	138.5	2125.85302613
99.4117248383	28.0030044384	138.6	2140.56297005
99.4127434045	28.0030014004	138.7	2160.94198808
99.4137619705	28.0029983548	138.8	2186.07989957
99.4147805366	28.0029953018	138.9	2215.06693136
99.4157991025	28.0029922412	139	2246.99369709
99.4168176685	28.0029891732	139.1	2280.95122829
99.4178362343	28.0029860976	139.2	2316.0309449
99.4188548001	28.0029830145	139.3	2351.32468971
99.4198733658	28.0029799239	139.4	2385.92470653
99.4208919315	28.0029768259	139.5	2418.9236588
99.4219104971	28.0029737203	139.6	2449.41462021
99.4229290627	28.0029706072	139.7	2476.49108795
99.4239476282	28.0029674866	139.8	2499.24697507
99.4249661936	28.0029643584	139.9	2516.77662191
99.425984759	28.0029612228	140	2529.79286593
99.4270033244	28.0029580797	140.1	2540.03880411
99.4280218896	28.0029549291	140.2	2547.8613769
99.4290404548	28.0029517709	140.3	2553.60615068
99.43005902	28.0029486053	140.4	2557.61899103
99.4310775851	28.0029454321	140.5	2560.24606769
99.4320961501	28.0029422515	140.6	2561.83385625
99.4331147151	28.0029390633	140.7	2562.72914023
99.43413328	28.0029358676	140.8	2563.27901235
99.4351518448	28.0029326645	140.9	2563.83087713
99.4361704096	28.0029294538	141	2564.7324527
99.4371889743	28.0029262356	141.1	2566.33177257
99.438207539	28.0029230099	141.2	2568.97718811
99.4392261036	28.0029197767	141.3	2573.01736976
99.4402446681	28.002916536	141.4	2578.80130946
99.4412632326	28.0029132878	141.5	2586.67832348
99.442281797	28.002910032	141.6	2596.91500556
99.4433003614	28.0029067688	141.7	2609.25375988
99.4443189257	28.0029034981	141.8	2623.39301599
99.4453374899	28.0029002198	141.9	2639.04937642
99.4463560541	28.0028969341	142	2655.93838898
99.4473746182	28.0028936408	142.1	2673.77454303
99.4483931822	28.0028903401	142.2	2692.27125693
99.4494117462	28.0028870318	142.3	2711.14088494
99.4504303101	28.0028837161	142.4	2730.09468928
99.451448874	28.0028803928	142.5	2748.84285917
99.4524674378	28.002877062	142.6	2767.09447926
99.4534860015	28.0028737237	142.7	2784.55753874
99.4545045652	28.0028703779	142.8	2800.93892193
99.4555231288	28.0028670246	142.9	2815.94439671
99.4565416923	28.0028636638	143	2829.27861295
99.4575602558	28.0028602955	143.1	2840.64509511
99.4585788192	28.0028569197	143.2	2849.7360369
99.4595973826	28.0028535363	143.3	2856.18154002
99.4606159459	28.0028501455	143.4	2860.17531974
99.4616345091	28.0028467471	143.5	2862.07649859
99.4626530722	28.0028433413	143.6	2862.2455358
99.4636716353	28.0028399279	143.7	2861.04426844
99.4646901984	28.0028365071	143.8	2858.8358885
99.4657087613	28.0028330787	143.9	2855.98498125
99.4667273242	28.0028296428	144	2852.85750743
99.4677458871	28.0028261995	144.1	2849.82082479
99.4687644498	28.0028227486	144.2	2847.24370182
99.4697830125	28.0028192902	144.3	2845.49631042
99.4708015752	28.0028158243	144.4	2844.95024581
99.4718201377	28.0028123509	144.5	2845.97853129
99.4728387003	28.00280887	144.6	2848.95562728
99.4738572627	28.0028053816	144.7	2854.257438
99.4748758251	28.0028018856	144.8	2862.26132302
99.4758943874	28.0027983822	144.9	2873.05934495
99.4769129496	28.0027948713	145	2886.20130927
99.4779315118	28.0027913528	145.1	2901.41885715
99.4789500739	28.0027878269	145.2	2918.4467465
99.4799686359	28.0027842934	145.3	2937.0189213
99.4809871979	28.0027807525	145.4	2956.86850296
99.4820057598	28.002777204	145.5	2977.72778561
99.4830243217	28.002773648	145.6	2999.32823335
99.4840428834	28.0027700846	145.7	3021.40046692
99.4850614452	28.0027665136	145.8	3043.67428167
99.4860800068	28.0027629351	145.9	3065.87860989
99.4870985684	28.0027593491	146	3087.74154586
99.4881171299	28.0027557556	146.1	3108.99032234
99.4891356913	28.0027521546	146.2	3129.3513146
99.4901542527	28.002748546	146.3	3148.55003828
99.491172814	28.00274493	146.4	3166.31112718
99.4921913752	28.0027413065	146.5	3182.80602668
99.4932099364	28.0027376755	146.6	3200.26003883
99.4942284975	28.0027340369	146.7	3218.72382648
99.4952470585	28.0027303909	146.8	3237.84866456
99.4962656194	28.0027267373	146.9	3257.2858396
99.4972841803	28.0027230762	147	3276.68662751
99.4983027411	28.0027194077	147.1	3295.702298
99.4993213019	28.0027157316	147.2	3313.98413377
99.5003398626	28.002712048	147.3	3331.18340084
99.5013584232	28.0027083569	147.4	3346.95136911
99.5023769837	28.0027046583	147.5	3360.93930686
99.5033955442	28.0027009523	147.6	3372.7984779
99.5044141046	28.0026972386	147.7	3382.18015812
99.5054326649	28.0026935175	147.8	3388.73559944
99.5064512252	28.0026897889	147.9	3392.11606877
99.5074697854	28.0026860528	148	3391.97282691
99.5084883455	28.0026823092	148.1	3387.93841743
99.5095069055	28.002678558	148.2	3378.86921113
99.5105254655	28.0026747994	148.3	3364.7177526
99.5115440254	28.0026710332	148.4	3346.13736689
99.5125625852	28.0026672596	148.5	3323.78117021
99.513581145	28.0026634784	148.6	3298.30209938
99.5145997047	28.0026596898	148.7	3270.35288535
99.5156182643	28.0026558936	148.8	3240.58607766
99.5166368239	28.0026520899	148.9	3209.65401355
99.5176553833	28.0026482787	149	3178.20884531
99.5186739427	28.00264446	149.1	3146.90251344
99.5196925021	28.0026406338	149.2	3116.38676395
99.5207110613	28.0026368001	149.3	3087.3131466
99.5217296205	28.0026329589	149.4	3060.33299599
99.5227481796	28.0026291102	149.5	3036.09745066
99.5237667387	28.002625254	149.6	3015.2574382
99.5247852976	28.0026213902	149.7	2998.46368804
99.5258038565	28.002617519	149.8	2984.98908364
99.5268224153	28.0026136403	149.9	2972.25813215
99.5278409741	28.002609754	150	2960.30584263
99.5288595327	28.0026058603	150.1	2949.26231608
99.5298780913	28.002601959	150.2	2939.25834687
99.5308966499	28.0025980502	150.3	2930.42541564
99.5319152083	28.002594134	150.4	2922.89570046
99.5329337667	28.0025902102	150.5	2916.80207909
99.533952325	28.0025862789	150.6	2912.27812877
99.5349708832	28.0025823401	150.7	2909.4581332
99.5359894414	28.0025783938	150.8	2908.47708524
99.5370079995	28.00257444	150.9	2909.47069092
99.5380265575	28.0025704787	151	2912.57537221
99.5390451154	28.0025665099	151.1	2917.92827103
99.5400636733	28.0025625336	151.2	2925.66725371
99.541082231	28.0025585497	151.3	2935.93090995
99.5421007887	28.0025545584	151.4	2948.98688736
99.5431193464	28.0025505596	151.5	2965.84100047
99.5441379039	28.0025465532	151.6	2986.34741543
99.5451564614	28.0025425394	151.7	3010.09779344
99.5461750188	28.002538518	151.8	3036.68394036
99.5471935761	28.0025344891	151.9	3065.69782884
99.5482121334	28.0025304528	152	3096.73159525
99.5492306905	28.0025264089	152.1	3129.37752002
99.5502492476	28.0025223575	152.2	3163.22806519
99.5512678047	28.0025182986	152.3	3197.87584689
99.5522863616	28.0025142322	152.4	3232.91363768
99.5533049185	28.0025101583	152.5	3267.93438826
99.5543234752	28.0025060769	152.6	3302.53120099
99.555342032	28.002501988	152.7	3336.29736145
99.5563605886	28.0024978916	152.8	3368.8263022
99.5573791451	28.0024937876	152.9	3399.71163423
99.5583977016	28.0024896762	153	3428.55461094
99.559416258	28.0024855573	153.1	3457.06494252
99.5604348144	28.0024814308	153.2	3486.59188503
99.5614533706	28.0024772969	153.3	3516.86339491
99.5624719268	28.0024731554	153.4	3547.60658328
99.5634904828	28.0024690064	153.5	3578.54770958
99.5645090389	28.00246485	153.6	3609.4121948
99.5655275948	28.002460686	153.7	3639.92457691
99.5665461506	28.0024565145	153.8	3669.80855269
99.5675647064	28.0024523355	153.9	3698.78695074
99.5685832621	28.002448149	154	3726.58172435
99.5696018177	28.002443955	154.1	3752.91395634
99.5706203733	28.0024397535	154.2	3777.50385419
99.5716389287	28.0024355445	154.3	3800.07073652
99.5726574841	28.002431328	154.4	3820.33304537
99.5736760394	28.002427104	154.5	3838.00832604
99.5746945946	28.0024228724	154.6	3852.81323141
99.5757131497	28.0024186334	154.7	3864.57838578
99.5767317048	28.0024143868	154.8	3873.59042141
99.5777502598	28.0024101328	154.9	3880.07419734
99.5787688147	28.0024058712	155	3884.24169553
99.5797873695	28.0024016022	155.1	3886.30567174
99.5808059242	28.0023973256	155.2	3886.47965328
99.5818244789	28.0023930415	155.3	3884.97794803
99.5828430334	28.00238875	155.4	3882.01564698
99.5838615879	28.0023844509	155.5	3877.80862306
99.5848801423	28.0023801443	155.6	3872.57354291
99.5858986967	28.0023758302	155.7	3866.52786491
99.5869172509	28.0023715086	155.8	3859.88984662
99.5879358051	28.0023671795	155.9	3852.87854428
99.5889543592	28.0023628428	156	3845.71381944
99.5899729132	28.0023584987	156.1	3838.6163465
99.5909914671	28.0023541471	156.2	3831.80760767
99.5920100209	28.002349788	156.3	3825.41839286
99.5930285747	28.0023454213	156.4	3818.46330375
99.5940471283	28.0023410472	156.5	3810.67699655
99.5950656819	28.0023366655	156.6	3802.13672263
99.5960842354	28.0023322764	156.7	3792.91906051
99.5971027888	28.0023278797	156.8	3783.099899
99.5981213422	28.0023234755	156.9	3772.75444204
99.5991398954	28.0023190638	157	3761.95720446
99.6001584486	28.0023146447	157.1	3750.78200298
99.6011770017	28.002310218	157.2	3739.30195844
99.6021955547	28.0023057838	157.3	3727.58949085
99.6032141076	28.0023013421	157.4	3715.71631503
99.6042326605	28.0022968929	157.5	3703.75343643
99.6052512132	28.0022924361	157.6	3691.77115308
99.6062697659	28.0022879719	157.7	3679.83904163
99.6072883185	28.0022835002	157.8	3668.0259652
99.608306871	28.002279021	157.9	3656.40006334
99.6093254234	28.0022745342	158	3644.40209766
99.6103439757	28.00227004	158.1	3631.4756649
99.611362528	28.0022655382	158.2	3617.79608205
99.6123810801	28.002261029	158.3	3603.53933585
99.6133996322	28.0022565122	158.4	3588.88162502
99.6144181842	28.0022519879	158.5	3573.9993629
99.6154367361	28.0022474562	158.6	3559.06917627
99.6164552879	28.0022429169	158.7	3544.26791147
99.6174738396	28.0022383701	158.8	3529.77262801
99.6184923913	28.0022338158	158.9	3515.76060315
99.6195109428	28.002229254	159	3502.40933712
99.6205294943	28.0022246847	159.1	3489.89654459
99.6215480457	28.0022201079	159.2	3478.40016508
99.622566597	28.0022155236	159.3	3468.09835857
99.6235851482	28.0022109318	159.4	3459.16950785
99.6246036993	28.0022063324	159.5	3451.7922206
99.6256222504	28.0022017256	159.6	3446.18255093
99.6266408013	28.0021971113	159.7	3442.48923414
99.6276593522	28.0021924894	159.8	3440.50660762
99.628677903	28.0021878601	159.9	3440.00370213
99.6296964536	28.0021832232	160	3440.74970034
99.6307150043	28.0021785788	160.1	3442.51393132
99.6317335548	28.002173927	160.2	3445.06587353
99.6327521052	28.0021692676	160.3	3448.17515958
99.6337706555	28.0021646007	160.4	3451.61157078
99.6347892058	28.0021599263	160.5	3455.14504236
99.6358077559	28.0021552444	160.6	3458.54566191
99.636826306	28.002150555	160.7	3461.58367272
99.637844856	28.0021458581	160.8	3464.02947222
99.6388634059	28.0021411537	160.9	3465.65361429
99.6398819557	28.0021364418	161	3466.22680978
99.6409005054	28.0021317223	161.1	3465.51992802
99.641919055	28.0021269954	161.2	3463.30982243
99.6429376046	28.002122261	161.3	3459.60985595
99.643956154	28.002117519	161.4	3454.63545007
99.6449747034	28.0021127696	161.5	3448.58880854
99.6459932526	28.0021080126	161.6	3441.67194509
99.6470118018	28.0021032482	161.7	3434.08667264
99.6480303509	28.0020984762	161.8	3426.03461192
99.6490488999	28.0020936967	161.9	3417.71718327
99.6500674488	28.0020889098	162	3409.33560808
99.6510859976	28.0020841153	162.1	3401.09090991
99.6521045464	28.0020793133	162.2	3393.18390852
99.653123095	28.0020745038	162.3	3385.81522466
99.6541416435	28.0020696868	162.4	3379.18527361
99.655160192	28.0020648623	162.5	3373.49426681
99.6561787404	28.0020600303	162.6	3368.94221173
99.6571972886	28.0020551907	162.7	3365.7289099
99.6582158368	28.0020503437	162.8	3364.05395236
99.6592343849	28.0020454892	162.9	3363.91527019
99.6602529329	28.0020406271	163	3365.01008736
99.6612714808	28.0020357576	163.1	3367.21066522
99.6622900286	28.0020308805	163.2	3370.39223691
99.6633085763	28.002025996	163.3	3374.43029781
99.664327124	28.0020211039	163.4	3379.20061187
99.6653456715	28.0020162044	163.5	3384.57920664
99.6663642189	28.0020112973	163.6	3390.44238101
99.6673827663	28.0020063827	163.7	3396.66670228
99.6684013135	28.0020014606	163.8	3403.12900692
99.6694198607	28.001996531	163.9	3409.70640571
99.6704384078	28.0019915939	164	3416.27628054
99.6714569547	28.0019866493	164.1	3422.71628752
99.6724755016	28.0019816972	164.2	3428.90436008
99.6734940484	28.0019767376	164.3	3434.71870635
99.6745125951	28.0019717705	164.4	3440.03781292
99.6755311417	28.0019667958	164.5	3444.85751935
99.6765496882	28.0019618137	164.6	3449.73686052
99.6775682346	28.0019568241	164.7	3454.73975515
99.6785867809	28.0019518269	164.8	3459.83480084
99.6796053272	28.0019468223	164.9	3464.99043095
99.6806238733	28.0019418101	165	3470.1749107
99.6816424193	28.0019367905	165.1	3475.35634083
99.6826609653	28.0019317633	165.2	3480.50265413
99.6836795111	28.0019267286	165.3	3485.58161433
99.6846980569	28.0019216864	165.4	3490.56081824
99.6857166025	28.0019166367	165.5	3495.40769131
99.6867351481	28.0019115796	165.6	3500.08949084
99.6877536935	28.0019065149	165.7	3504.57330131
99.6887722389	28.0019014427	165.8	3508.82603766
99.6897907842	28.0018963629	165.9	3512.81444123
99.6908093293	28.0018912757	166	3516.50508057
99.6918278744	28.001886181	166.1	3519.86605174
99.6928464194	28.0018810788	166.2	3522.95900442
99.6938649643	28.001875969	166.3	3525.83552263
99.6948835091	28.0018708518	166.4	3528.50409059
99.6959020538	28.0018657271	166.5	3530.97317957
99.6969205984	28.0018605948	166.6	3533.25124777
99.6979391429	28.0018554551	166.7	3535.3467402
99.6989576873	28.0018503078	166.8	3537.26808905
99.6999762316	28.001845153	166.9	3539.02371329
99.7009947758	28.0018399907	167	3540.62201898
99.7020133199	28.001834821	167.1	3542.07139908
99.7030318639	28.0018296437	167.2	3543.38023375
99.7040504078	28.0018244589	167.3	3544.55689002
99.7050689516	28.0018192666	167.4	3545.609722
99.7060874953	28.0018140668	167.5	3546.54707089
99.7071060389	28.0018088595	167.6	3547.37726495
99.7081245825	28.0018036447	167.7	3548.10861959
99.7091431259	28.0017984223	167.8	3548.72934143
99.7101616692	28.0017931925	167.9	3549.20219443
99.7111802124	28.0017879552	168	3549.52801811
99.7121987555	28.0017827103	168.1	3549.70913802
99.7132172986	28.001777458	168.2	3549.7480759
99.7142358415	28.0017721981	168.3	3549.64755021
99.7152543843	28.0017669308	168.4	3549.41047727
99.716272927	28.0017616559	168.5	3549.03997135
99.7172914697	28.0017563736	168.6	3548.53934623
99.7183100122	28.0017510837	168.7	3547.91211504
99.7193285546	28.0017457863	168.8	3547.16199181
99.7203470969	28.0017404814	168.9	3546.29289173
99.7213656392	28.001735169	169	3545.30893192
99.7223841813	28.0017298491	169.1	3544.21443252
99.7234027233	28.0017245217	169.2	3543.0139169
99.7244212652	28.0017191868	169.3	3541.71211274
99.7254398071	28.0017138444	169.4	3540.30327225
99.7264583488	28.0017084945	169.5	3538.71229128
99.7274768904	28.0017031371	169.6	3536.93991949
99.7284954319	28.0016977721	169.7	3535.00571486
99.7295139733	28.0016923997	169.8	3532.92871856
99.7305325146	28.0016870197	169.9	3530.72745212
99.7315510559	28.0016816323	170	3528.41991563
99.732569597	28.0016762373	170.1	3526.02358658
99.733588138	28.0016708349	170.2	3523.55541578
99.7346066789	28.0016654249	170.3	3521.03182739
99.7356252197	28.0016600074	170.4	3518.46871524
99.7366437604	28.0016545825	170.5	3515.88144099
99.737662301	28.00164915	170.6	3513.28483382
99.7386808415	28.00164371	170.7	3510.69318556
99.7396993819	28.0016382625	170.8	3508.12025036
99.7407179222	28.0016328075	170.9	3505.57924215
99.7417364624	28.001627345	171	3503.0837021
99.7427550024	28.001621875	171.1	3500.835423
99.7437735424	28.0016163975	171.2	3498.92109672
99.7447920823	28.0016109124	171.3	3497.25299259
99.7458106221	28.0016054199	171.4	3495.74427634
99.7468291617	28.0015999199	171.5	3494.30901664
99.7478477013	28.0015944123	171.6	3492.86218621
99.7488662408	28.0015888973	171.7	3491.31966649
99.7498847801	28.0015833747	171.8	3489.59825093
99.7509033194	28.0015778447	171.9	3487.61564853
99.7519218585	28.0015723071	172	3485.2904869
99.7529403976	28.001566762	172.1	3482.54231629
99.7539589365	28.0015612095	172.2	3479.29161451
99.7549774753	28.0015556494	172.3	3475.45978585
99.7559960141	28.0015500818	172.4	3470.96916962
99.7570145527	28.0015445067	172.5	3465.74304232
99.7580330912	28.0015389241	172.6	3459.70561928
99.7590516296	28.001533334	172.7	3452.55826413
99.7600701679	28.0015277364	172.8	3443.75457021
99.7610887061	28.0015221313	172.9	3433.51587858
99.7621072442	28.0015165186	173	3422.1064443
99.7631257822	28.0015108985	173.1	3409.78940189
99.7641443201	28.0015052709	173.2	3396.82675619
99.7651628579	28.0014996357	173.3	3383.47938129
99.7661813955	28.0014939931	173.4	3370.00701814
99.7671999331	28.001488343	173.5	3356.6682628
99.7682184706	28.0014826853	173.6	3343.72057214
99.7692370079	28.0014770201	173.7	3331.42025473
99.7702555451	28.0014713475	173.8	3320.02246367
99.7712740823	28.0014656673	173.9	3309.78119755
99.7722926193	28.0014599796	174	3300.949296
99.7733111562	28.0014542844	174.1	3293.7784312
99.774329693	28.0014485817	174.2	3288.51910746
99.7753482297	28.0014428715	174.3	3285.3430049
99.7763667663	28.0014371538	174.4	3283.45350851
99.7773853028	28.0014314286	174.5	3282.55894211
99.7784038392	28.0014256959	174.6	3282.63685712
99.7794223755	28.0014199557	174.7	3283.66601461
99.7804409116	28.001414208	174.8	3285.62638947
99.7814594477	28.0014084528	174.9	3288.49917561
99.7824779836	28.00140269	175	3292.26678894
99.7834965195	28.0013969198	175.1	3296.9128731
99.7845150552	28.001391142	175.2	3302.42230225
99.7855335908	28.0013853568	175.3	3308.78118773
99.7865521263	28.001379564	175.4	3315.97688003
99.7875706617	28.0013737638	175.5	3323.99797546
99.788589197	28.001367956	175.6	3332.83431742
99.7896077322	28.0013621407	175.7	3342.47700413
99.7906262672	28.0013563179	175.8	3352.91838991
99.7916448022	28.0013504876	175.9	3364.15209418
99.792663337	28.0013446499	176	3376.80045017
99.7936818718	28.0013388046	176.1	3391.39148196
99.7947004064	28.0013329518	176.2	3407.68969693
99.7957189409	28.0013270914	176.3	3425.45800741
99.7967374753	28.0013212236	176.4	3444.45804319
99.7977560096	28.0013153483	176.5	3464.45014484
99.7987745438	28.0013094655	176.6	3485.19336154
99.7997930779	28.0013035752	176.7	3506.44544594
99.8008116118	28.0012976773	176.8	3527.96284782
99.8018301457	28.001291772	176.9	3549.5007166
99.8028486794	28.0012858591	177	3570.81288469
99.803867213	28.0012799388	177.1	3591.65187359
99.8048857465	28.0012740109	177.2	3611.76888649
99.8059042799	28.0012680756	177.3	3630.91379883
99.8069228132	28.0012621327	177.4	3648.83516197
99.8079413464	28.0012561823	177.5	3665.28019076
99.8089598795	28.0012502244	177.6	3680.3191277
99.8099784124	28.001244259	177.7	3695.04221202
99.8109969453	28.0012382861	177.8	3709.50627946
99.812015478	28.0012323058	177.9	3723.64676239
99.8130340106	28.0012263178	178	3737.40000494
99.8140525431	28.0012203224	178.1	3750.7032486
99.8150710755	28.0012143195	178.2	3763.49464897
99.8160896077	28.0012083091	178.3	3775.71327183
99.8171081399	28.0012022912	178.4	3787.29910237
99.8181266719	28.0011962657	178.5	3798.19304067
99.8191452039	28.0011902328	178.6	3808.33691235
99.8201637357	28.0011841924	178.7	3817.67346606
99.8211822674	28.0011781444	178.8	3826.14638182
99.822200799	28.001172089	178.9	3833.70027108
99.8232193304	28.001166026	179	3840.28067987
99.8242378618	28.0011599555	179.1	3845.83409538
99.825256393	28.0011538776	179.2	3850.25235801
99.8262749242	28.0011477921	179.3	3852.39049594
99.8272934552	28.0011416991	179.4	3852.10314615
99.8283119861	28.0011355986	179.5	3849.77671874
99.8293305169	28.0011294906	179.6	3845.79730825
99.8303490475	28.0011233751	179.7	3840.55069311
99.8313675781	28.0011172521	179.8	3834.42233209
99.8323861085	28.0011111216	179.9	3827.79736668
99.8334046388	28.0011049836	180	3821.06061569
99.834423169	28.0010988381	180.1	3814.59657623
99.8354416991	28.0010926851	180.2	3808.78942172
99.8364602291	28.0010865245	180.3	3804.02299968
99.8374787589	28.0010803565	180.4	3800.68083367
99.8384972887	28.001074181	180.5	3799.14611608
99.8395158183	28.0010679979	180.6	3799.80171079
99.8405343478	28.0010618073	180.7	3803.03015188
99.8415528772	28.0010556093	180.8	3809.21364154
99.8425714065	28.0010494037	180.9	3818.65791298
99.8435899356	28.0010431907	181	3831.1691096
99.8446084646	28.0010369701	181.1	3846.35582184
99.8456269936	28.001030742	181.2	3863.82681556
99.8466455224	28.0010245064	181.3	3883.19143033
99.847664051	28.0010182633	181.4	3904.0595908
99.8486825796	28.0010120127	181.5	3926.04181063
99.849701108	28.0010057546	181.6	3948.74918162
99.8507196364	28.000999489	181.7	3971.79339312
99.8517381646	28.0009932159	181.8	3994.7867165
99.8527566927	28.0009869353	181.9	4017.34202323
99.8537752206	28.0009806472	182	4039.07277585
99.8547937485	28.0009743515	182.1	4059.59303938
99.8558122762	28.0009680484	182.2	4078.51747533
99.8568308038	28.0009617378	182.3	4095.46134867
99.8578493313	28.0009554196	182.4	4110.04052659
99.8588678587	28.000949094	182.5	4122.18441386
99.8598863859	28.0009427608	182.6	4133.35707902
99.8609049131	28.0009364201	182.7	4143.78972306
99.8619234401	28.000930072	182.8	4153.46983765
99.862941967	28.0009237163	182.9	4162.38374233
99.8639604938	28.0009173531	183	4170.51658442
99.8649790204	28.0009109824	183.1	4177.8523302
99.865997547	28.0009046042	183.2	4184.37376527
99.8670160734	28.0008982185	183.3	4190.06248591
99.8680345997	28.0008918253	183.4	4194.89889999
99.8690531258	28.0008854246	183.5	4198.86222017
99.8700716519	28.0008790164	183.6	4201.93046226
99.8710901778	28.0008726007	183.7	4204.08043894
99.8721087036	28.0008661775	183.8	4205.28775831
99.8731272293	28.0008597468	183.9	4205.52681883
99.8741457549	28.0008533085	184	4204.7708065
99.8751642803	28.0008468628	184.1	4202.98099108
99.8761828056	28.0008404095	184.2	4199.65021179
99.8772013308	28.0008339488	184.3	4194.63459809
99.8782198559	28.0008274805	184.4	4188.10365755
99.8792383808	28.0008210048	184.5	4180.22790458
99.8802569057	28.0008145215	184.6	4171.1788651
99.8812754304	28.0008080307	184.7	4161.12908154
99.882293955	28.0008015325	184.8	4150.25211214
99.8833124794	28.0007950267	184.9	4138.72253896
99.8843310038	28.0007885134	185	4126.71596428
99.885349528	28.0007819926	185.1	4114.40902281
99.8863680521	28.0007754643	185.2	4101.97937643
99.8873865761	28.0007689285	185.3	4089.60572211
99.8884050999	28.0007623852	185.4	4077.46779498
99.8894236236	28.0007558344	185.5	4065.74636794
99.8904421472	28.0007492761	185.6	4054.62325846
99.8914606707	28.0007427102	185.7	4044.28132965
99.892479194	28.0007361369	185.8	4034.46002366
99.8934977173	28.0007295561	185.9	4024.36068302
99.8945162404	28.0007229677	186	4014.02955166
99.8955347633	28.0007163719	186.1	4003.540396
99.8965532862	28.0007097685	186.2	3992.96668179
99.8975718089	28.0007031577	186.3	3982.38158616
99.8985903315	28.0006965393	186.4	3971.85798244
99.899608854	28.0006899134	186.5	3961.46844916
99.9006273764	28.0006832801	186.6	3951.28526524
99.9016458986	28.0006766392	186.7	3941.38040772
99.9026644207	28.0006699908	186.8	3931.82555225
99.9036829427	28.0006633349	186.9	3922.6920719
99.9047014645	28.0006566715	187	3914.05103672
99.9057199862	28.0006500006	187.1	3905.97320997
99.9067385078	28.0006433222	187.2	3898.52904978
99.9077570293	28.0006366363	187.3	3891.78870707
99.9087755506	28.0006299429	187.4	3885.83691132
99.9097940718	28.000623242	187.5	3880.80164196
99.9108125929	28.0006165336	187.6	3876.61372647
99.9118311139	28.0006098176	187.7	3873.16943034
99.9128496347	28.0006030942	187.8	3870.36498173
99.9138681554	28.0005963632	187.9	3868.09656919
99.914886676	28.0005896248	188	3866.26034446
99.9159051965	28.0005828788	188.1	3864.75242105
99.9169237168	28.0005761254	188.2	3863.46887543
99.917942237	28.0005693644	188.3	3862.30574638
99.9189607571	28.000562596	188.4	3861.15903571
99.919979277	28.00055582	188.5	3859.92470872
99.9209977968	28.0005490365	188.6	3858.49869362
99.9220163165	28.0005422455	188.7	3856.7768823
99.9230348361	28.000535447	188.8	3854.65513042
99.9240533555	28.000528641	188.9	3852.0292579
99.9250718748	28.0005218275	189	3848.79588405
99.926090394	28.0005150065	189.1	3845.06889171
99.927108913	28.000508178	189.2	3841.01579461
99.9281274319	28.000501342	189.3	3836.68035959
99.9291459507	28.0004944985	189.4	3832.10622452
99.9301644694	28.0004876475	189.5	3827.33689707
99.9311829879	28.0004807889	189.6	3822.41575524
99.9322015063	28.0004739229	189.7	3817.38604203
99.9332200246	28.0004670493	189.8	3812.29087145
99.9342385427	28.0004601683	189.9	3807.17322127
99.9352570607	28.0004532798	190	3802.07593667
99.9362755786	28.0004463837	190.1	3797.04172861
99.9372940963	28.0004394801	190.2	3792.11317069
99.9383126139	28.0004325691	190.3	3787.33269871
99.9393311314	28.0004256505	190.4	3782.74261512
99.9403496488	28.0004187244	190.5	3778.38508068
99.941368166	28.0004117908	190.6	3774.30211872
99.9423866831	28.0004048497	190.7	3770.69212619
99.9434052	28.0003979011	190.8	3767.93801962
99.9444237169	28.000390945	190.9	3765.90190947
99.9454422336	28.0003839814	191	3764.41622742
99.9464607501	28.0003770103	191.1	3763.31362986
99.9474792666	28.0003700317	191.2	3762.42699969
99.9484977829	28.0003630456	191.3	3761.58944809
99.949516299	28.000356052	191.4	3760.63431516
99.9505348151	28.0003490508	191.5	3759.39517275
99.951553331	28.0003420422	191.6	3757.70582034
99.9525718468	28.0003350261	191.7	3755.40029454
99.9535903624	28.0003280024	191.8	3752.31286672
99.9546088779	28.0003209713	191.9	3748.27803863
99.9556273933	28.0003139326	192	3743.1305553
99.9566459085	28.0003068865	192.1	3736.70539424
99.9576644236	28.0002998328	192.2	3728.83777766
99.9586829386	28.0002927716	192.3	3719.32298285
99.9597014534	28.0002857029	192.4	3707.64304825
99.9607199681	28.0002786268	192.5	3693.92178939
99.9617384827	28.0002715431	192.6	3678.46282381
99.9627569971	28.0002644519	192.7	3661.56867608
99.9637755114	28.0002573532	192.8	3643.54077611
99.9647940256	28.000250247	192.9	3624.67945842
99.9658125397	28.0002431333	193	3605.283957
99.9668310536	28.0002360121	193.1	3585.65240356
99.9678495673	28.0002288833	193.2	3566.08182238
99.9688680809	28.0002217471	193.3	3546.86811655
99.9698865944	28.0002146034	193.4	3528.3060832
99.9709051078	28.0002074522	193.5	3510.68939799
99.971923621	28.0002002934	193.6	3494.31061822
99.9729421341	28.0001931272	193.7	3479.4611631
99.9739606471	28.0001859534	193.8	3466.43133451
99.9749791599	28.0001787722	193.9	3455.51029067
99.9759976726	28.0001715834	194	3446.96266612
99.9770161851	28.0001643872	194.1	3440.6471893
99.9780346975	28.0001571834	194.2	3436.23415771
99.9790532098	28.0001499721	194.3	3433.39439333
99.9800717219	28.0001427533	194.4	3431.79928687
99.981090234	28.000135527	194.5	3431.12079677
99.9821087458	28.0001282933	194.6	3431.03145102
99.9831272575	28.000121052	194.7	3431.20435416
99.9841457691	28.0001138032	194.8	3431.31318103
99.9851642806	28.0001065469	194.9	3431.03218488
99.9861827919	28.000099283	195	3430.03619831
99.9872013031	28.0000920117	195.1	3428.00063391
99.9882198141	28.0000847329	195.2	3424.6014893
99.989238325	28.0000774466	195.3	3419.51534648
99.9902568358	28.0000701528	195.4	3412.4193752
99.9912753464	28.0000628514	195.5	3402.99133459
99.9922938569	28.0000555426	195.6	3391.49276084
99.9933123673	28.0000482262	195.7	3379.90823048
99.9943308775	28.0000409024	195.8	3368.2317328
99.9953493876	28.000033571	195.9	3356.2292822
99.9963678975	28.0000262322	196	3343.66364718
99.9973864073	28.0000188858	196.1	3330.29432034
99.998404917	28.0000115319	196.2	3315.8775307
99.9994234265	28.0000041706	196.3	3300.16623018
100	28	196.356609543	3290.60351562
