  0.0000000E+00  -852.2490       240.2872    
   5.000000      -1150.022       288.7954    
   10.00000      -1418.766       217.8058    
   15.00000      -1580.166       94.29572    
   20.00000      -1653.800       79.84111    
   25.00000      -1616.224       202.4955    
   30.00000      -1849.809       223.3568    
   35.00000      -2039.536       138.5567    
   40.00000      -2098.440       133.9642    
   45.00000      -2134.044       299.4666    
   50.00000      -2190.952       327.5677    
   55.00000      -2140.069       415.4918    
   60.00000      -2274.545       340.4593    
   65.00000      -2337.483       275.7474    
   70.00000      -2356.408       267.1584    
   75.00000      -2376.357       258.6392    
   80.00000      -2575.283       165.7109    
   85.00000      -2691.427       62.80378    
   90.00000      -2729.729       57.05581    
   95.00000      -2749.360       52.09319    
   100.0000      -2792.774       46.36688    
   105.0000      -2838.434       30.18907    
   110.0000      -2846.283       46.97574    
   115.0000      -2878.484       31.29137    
   120.0000      -2911.504       51.62645    
   125.0000      -2901.680       37.68289    
   130.0000      -2899.320       52.16098    
   135.0000      -2899.210       88.12676    
   140.0000      -2925.995       178.8220    
   145.0000      -2989.913       236.4107    
   150.0000      -2999.677       266.8904    
   155.0000      -2917.157       398.8921    
   160.0000      -2918.655       455.2600    
   165.0000      -2875.105       469.5160    
   170.0000      -3089.059       410.3493    
   175.0000      -3364.624       216.3169    
   180.0000      -3390.812       125.1291    
   185.0000      -3355.097       116.1661    
   190.0000      -3465.013       82.38990    
   195.0000      -3507.447       124.7277    
   200.0000      -3516.183       99.28770    
   205.0000      -3345.425       304.2943    
   210.0000      -3511.846       175.7169    
   215.0000      -3599.236       46.19166    
   220.0000      -3562.394       88.31725    
   225.0000      -3425.718       171.4643    
   230.0000      -3518.824       110.7779    
   235.0000      -3503.967       208.6948    
   240.0000      -3530.607       177.3669    
   245.0000      -3585.328       30.96747    
   250.0000      -3595.213       23.19483    
   255.0000      -3594.632       25.85869    
   260.0000      -3583.362       29.34280    
   265.0000      -3498.679       169.3281    
   270.0000      -3297.184       280.7579    
   275.0000      -3011.815       342.4694    
   280.0000      -2940.088       250.5005    
   285.0000      -2786.820       323.3884    
   290.0000      -2641.532       312.6611    
   295.0000      -2672.648       200.1949    
   300.0000      -2521.992       216.6293    
   305.0000      -2280.859       323.6313    
   310.0000      -2036.863       319.5295    
   315.0000      -1984.168       335.5352    
   320.0000      -1741.784       365.4992    
   325.0000      -1677.216       389.8547    
   330.0000      -1474.135       304.6311    
   335.0000      -1350.673       247.9857    
   340.0000      -1307.824       285.6847    
   345.0000      -1286.753       304.8021    
   350.0000      -1314.540       356.0048    
   355.0000      -1386.246       330.1269    
   360.0000      -1274.400       198.1316    
   365.0000      -1086.660       149.2461    
   370.0000      -950.3918       273.9259    
   375.0000      -995.6003       325.5770    
   380.0000      -892.6356       313.7046    
   385.0000      -855.4831       200.2815    
   390.0000      -874.4633       164.9048    
   395.0000      -861.7874       137.2420    
   400.0000      -737.2910       159.3275    
   405.0000      -468.7242       185.1590    
   410.0000      -294.1298       125.8734    
   415.0000      -212.7444       88.11465    
   420.0000      -182.8476       94.94762    
   425.0000      -144.1915       80.00268    
   430.0000      -107.3293       64.50185    
   435.0000      -60.08218       100.6026    
   440.0000      -19.21413       105.4240    
445 123.4896 186.3926
450 156.6967 186.7954
455 297.1475 308.0150
460 471.5524 357.0840
465 369.5998 355.6750
470 373.6812 341.1908
475 619.8495 409.7361
480 747.5132 414.2072
485 529.5374 301.3276
490 452.0977 262.2913
495 646.9424 259.0468
500 794.4534 281.9120
505 789.1500 178.4108
510 703.9630 215.9086
515 829.9616 224.8849
520 747.2442 179.8020
525 694.5881 192.1108
530 683.9055 177.5492
535 637.9735 145.9020
540 560.4039 112.0462
545 390.3894 104.6807
550 359.5458 118.8359
555 336.8027 100.8848
560 299.6139 94.46037
565 265.4547 94.78765
570 308.8069 175.0524
575 345.0778 216.2866
580 299.5307 190.9436
585 234.4620 149.5690
590 179.5124 127.5917
595 121.9169 112.6526
600 76.57050 85.58574
605 27.55383 52.54103
610 -5.072062 23.51424
615 -28.31672 8.238603
620 -44.56225 11.33294
625 -58.56810 15.50324
630 -70.79854 19.45143
635 -79.26718 20.24385
640 -87.32402 18.91208
645 -97.74173 15.30756
650 -105.6908 13.34904
655 -110.9902 14.26671
660 -120.2650 18.73993
665 -141.7018 37.65927
670 -217.8931 103.9505
675 -320.8305 152.5045
680 -436.6641 197.7745
685 -562.7406 222.1635
690 -651.6259 214.9521
695 -698.8411 225.3414
700 -749.8593 216.5265
705 -804.3575 186.8258
710 -846.3853 150.8880
715 -889.8632 124.6452
720 -973.5373 64.39152
725 -1051.312 61.04302
730 -1097.860 72.35085
735 -1126.314 78.31826
740 -1141.878 80.52896
745 -1145.895 85.50000
750 -1140.790 102.5551
755 -1113.141 141.1688
760 -1074.755 168.8132
765 -1003.480 241.1740
770 -894.7369 330.1908
775 -771.8340 362.2547
780 -675.1716 361.9051
785 -550.9396 325.8781
790 -400.5941 257.3443
795 -283.8307 165.3332
800 -199.0689 82.65765
805 -154.5410 54.68145
810 -101.9400 62.20470
815 -41.09931 126.7743
820 234.3852 259.3498
825 444.8290 180.1180
830 430.9971 182.6329
835 603.3516 259.6100
840 707.1196 197.6102
845 716.8211 172.9098
850 796.9102 240.4006
855 791.2689 176.8123
860 800.1274 178.2664
865 982.0865 134.0546
870 1108.810 139.5620
875 1246.416 173.5184
880 1058.544 141.2841
885 1166.579 201.6795
890 1378.021 191.8914
895 1267.964 226.7987
900 1367.789 373.4925
905 1443.143 330.4958
910 1504.858 375.9389
915 1328.336 366.5958
920 1203.780 279.6518
925 1255.326 235.1374
930 1269.588 362.3912
935 1081.501 213.3080
940 946.2781 100.6925
945 991.6016 164.4282
950 1090.551 144.2574
955 1050.706 205.1062
960 972.0777 198.7170
965 890.9882 273.6570
970 912.0956 247.6946
975 912.6830 172.6082
980 835.5925 196.2826
985 925.5863 143.0381
990 1046.538 160.8997
995 1069.279 184.6300
1000 1004.769 195.9819
1005 988.2925 182.6356
1010 1008.062 229.7603
1015 927.0578 284.8561
1020 825.7296 272.1774
1025 837.8937 244.5420
1030 909.5306 350.8833
1035 992.9717 311.2436
1040 1012.532 250.6615
1045 1001.983 305.6832
1050 794.9167 291.6316
1055 633.7809 237.8437
1060 567.4025 209.4780
1065 610.5287 255.0711
1070 791.4227 368.6124
1075 904.2134 489.1670
1080 815.1086 432.2979
1085 685.7043 290.5171
1090 542.5549 193.0623
1095 409.5269 176.3783
1100 337.6252 162.2714
1105 332.4023 149.7976
1110 320.0967 131.3915
1115 349.3813 183.9761
1120 408.5101 253.0786
1125 492.1921 302.3881
1130 443.0094 265.2830
1135 376.7241 173.8844
1140 381.2094 182.4035
1145 332.5350 135.8761
1150				348.1137							125.9308
1155				505.5183							125.7948
1160				564.4188							176.7028
1165				599.2656							204.1993
1170				641.9202							180.2832
1175				638.8147							150.9188
1180				527.4304							164.2174
1185				442.4479							145.4382
1190				444.5674							165.5456
1195				409.9315							173.1769
1200				407.5189							233.7346
1205				453.7148							235.0236
1210				364.6087							146.6017
1215				287.7464							73.59685
1220				276.3698							52.62798
1225				250.2216							40.22364
1230				220.9526							41.63519
1235				199.7711							45.13494
1240				153.4697							49.47404
1245				73.05239							46.5
1250				59.9252							38.68565


