
>  9.99, 39.94, -W1p,red
9.99	39.94	0	76.2365939763
10.0017265109	39.9402034801	1	78.4392832033
10.0134530914	39.9404057788	2	80.6470763049
10.025179741	39.9406068962	3	82.8578100693
10.0369064594	39.9408068322	4	85.0693573198
10.0486332461	39.9410055868	5	87.2796262895
10.0603601007	39.94120316	6	89.4865601279
10.0720870228	39.9413995518	7	91.6881363348
10.083814012	39.9415947621	8	93.882366216
10.095541068	39.941788791	9	96.0698263124
10.1072681902	39.9419816384	10	98.2654027999
10.1189953784	39.9421733043	11	100.469148987
10.130722632	39.9423637887	12	102.677846707
10.1424499508	39.9425530916	13	104.888344814
10.1541773342	39.942741213	14	107.097558071
10.1659047819	39.9429281528	15	109.30246634
10.1776322935	39.9431139111	16	111.500113532
10.1893598686	39.9432984878	17	113.687606685
10.2010875068	39.9434818829	18	115.862114989
10.2128152076	39.9436640964	19	118.020868812
10.2245429707	39.9438451283	20	120.161158786
10.2362707956	39.9440249786	21	122.280334773
10.247998682	39.9442036472	22	124.375804975
10.2597266295	39.9443811342	23	126.447982076
10.2714546376	39.9445574395	24	128.545490386
10.2831827059	39.9447325631	25	130.675768183
10.2949108341	39.9449065051	26	132.825002081
10.3066390217	39.9450792653	27	134.979441967
10.3183672684	39.9452508438	28	137.125400142
10.3300955736	39.9454212406	29	139.249250404
10.3418239371	39.9455904556	30	141.337427296
10.3535523584	39.9457584889	31	143.37642505
10.3652808371	39.9459253404	32	145.35279681
10.3770093728	39.9460910101	33	147.253153667
10.3887379651	39.946255498	34	149.064163753
10.4004666137	39.9464188041	35	150.772551325
10.412195318	39.9465809283	36	152.365095793
10.4239240777	39.9467418708	37	153.828773734
10.4356528923	39.9469016313	38	155.177193762
10.4473817616	39.9470602101	39	156.430219936
10.459110685	39.9472176069	40	157.593589323
10.4708396622	39.9473738219	41	158.672947911
10.4825686928	39.9475288549	42	159.673852171
10.4942977763	39.9476827061	43	160.601770429
10.5060269124	39.9478353753	44	161.462084487
10.5177561006	39.9479868626	45	162.260090988
10.5294853406	39.948137168	46	163.001002998
10.5412146319	39.9482862914	47	163.68995147
10.5529439741	39.9484342328	48	164.33198676
10.5646733669	39.9485809923	49	164.93208013
10.5764028098	39.9487265698	50	165.495125279
10.5881323024	39.9488709652	51	166.025939859
10.5998618443	39.9490141787	52	166.48119251
10.6115914352	39.9491562101	53	166.804256552
10.6233210745	39.9492970595	54	167.01596844
10.635050762	39.9494367269	55	167.137823696
10.6467804972	39.9495752122	56	167.191277774
10.6585102796	39.9497125154	57	167.19774664
10.6702401089	39.9498486366	58	167.178607375
10.6819699847	39.9499835756	59	167.155198794
10.6936999066	39.9501173326	60	167.148822054
10.7054298742	39.9502499075	61	167.180741304
10.717159887	39.9503813003	62	167.272184326
10.7288899447	39.9505115109	63	167.444343197
10.7406200468	39.9506405394	64	167.71837496
10.752350193	39.9507683857	65	168.115402312
10.7640803828	39.9508950499	66	168.636866371
10.7758106159	39.9510205319	67	169.234693385
10.7875408918	39.9511448318	68	169.89967626
10.7992712102	39.9512679494	69	170.625666736
10.8110015706	39.9513898849	70	171.406535975
10.8227319725	39.9515106381	71	172.236174263
10.8344624157	39.9516302092	72	173.108490738
10.8461928998	39.951748598	73	174.017413028
10.8579234242	39.9518658046	74	174.956886948
10.8696539886	39.951981829	75	175.920876208
10.8813845926	39.9520966711	76	176.903362058
10.8931152358	39.9522103309	77	177.898342966
10.9048459178	39.9523228085	78	178.899834282
10.9165766382	39.9524341038	79	179.901867891
10.9283073965	39.9525442168	80	180.91185642
10.9400381924	39.9526531475	81	181.995178223
10.9517690255	39.9527608959	82	183.148165903
10.9634998953	39.9528674621	83	184.355102951
10.9752308015	39.9529728459	84	185.60030824
10.9869617436	39.9530770473	85	186.868135215
10.9986927213	39.9531800665	86	188.142971144
11.0104237341	39.9532819033	87	189.409236273
11.0221547816	39.9533825577	88	190.651383063
11.0338858635	39.9534820298	89	191.85389537
11.0456169792	39.9535803195	90	193.001287588
11.0573481285	39.9536774269	91	194.078103886
11.0690793109	39.9537733519	92	195.068917311
11.080810526	39.9538680945	93	195.958328976
11.0925417734	39.9539616547	94	196.73001549
11.1042730527	39.9540540325	95	197.366373141
11.1160043635	39.9541452278	96	197.880908655
11.1277357054	39.9542352408	97	198.293746691
11.1394670779	39.9543240714	98	198.624992468
11.1511984807	39.9544117195	99	198.894732229
11.1629299134	39.9544981852	100	199.123033688
11.1746613756	39.9545834684	101	199.329946512
11.1863928667	39.9546675692	102	199.535502795
11.1981243866	39.9547504876	103	199.759717559
11.2098559347	39.9548322234	104	200.022589241
11.2215875106	39.9549127769	105	200.344100196
11.233319114	39.9549921478	106	200.744217226
11.2450507444	39.9550703363	107	201.242892081
11.2567824014	39.9551473422	108	201.859702821
11.2685140846	39.9552231657	109	202.585132413
11.2802457936	39.9552978067	110	203.397225322
11.2919775281	39.9553712652	111	204.283281397
11.3037092875	39.9554435411	112	205.23059322
11.3154410715	39.9555146346	113	206.226446463
11.3271728797	39.9555845455	114	207.258120169
11.3389047117	39.955653274	115	208.312887057
11.3506365671	39.9557208198	116	209.378013838
11.3623684455	39.9557871832	117	210.440761499
11.3741003464	39.955852364	118	211.488385613
11.3858322695	39.9559163623	119	212.508136652
11.3975642143	39.955979178	120	213.487260255
11.4092961805	39.9560408111	121	214.412997558
11.4210281676	39.9561012617	122	215.272585447
11.4327601753	39.9561605298	123	216.082146971
11.4444922031	39.9562186152	124	216.871583252
11.4562242506	39.9562755181	125	217.64106238
11.4679563174	39.9563312384	126	218.390714976
11.4796884032	39.9563857761	127	219.120694829
11.4914205074	39.9564391313	128	219.831177813
11.5031526298	39.9564913038	129	220.522360902
11.5148847699	39.9565422938	130	221.194461034
11.5266169272	39.9565921012	131	221.847714103
11.5383491015	39.9566407259	132	222.48237389
11.5500812922	39.9566881681	133	223.098710941
11.561813499	39.9567344276	134	223.697011567
11.5735457215	39.9567795045	135	224.2775767
11.5852779592	39.9568233988	136	224.84072084
11.5970102118	39.9568661105	137	225.382381994
11.6087424788	39.9569076396	138	225.894232175
11.6204747599	39.956947986	139	226.378941198
11.6322070546	39.9569871499	140	226.839603043
11.6439393626	39.957025131	141	227.279309479
11.6556716834	39.9570619296	142	227.701149985
11.6674040166	39.9570975455	143	228.108211866
11.6791363619	39.9571319788	144	228.503580214
11.6908687187	39.9571652294	145	228.890337953
11.7026010868	39.9571972974	146	229.271565864
11.7143334656	39.9572281827	147	229.6503426
11.7260658548	39.9572578854	148	230.029744719
11.7377982541	39.9572864054	149	230.412846717
11.7495306629	39.9573137428	150	230.802721027
11.7612630809	39.9573398975	151	231.196525543
11.7729955077	39.9573648695	152	231.571900176
11.7847279428	39.9573886589	153	231.930177412
11.7964603859	39.9574112656	154	232.275777212
11.8081928365	39.9574326897	155	232.613103426
11.8199252943	39.9574529311	156	232.946545372
11.8316577589	39.9574719898	157	233.280479374
11.8433902297	39.9574898659	158	233.619270322
11.8551227066	39.9575065593	159	233.967273263
11.8668551889	39.95752207	160	234.328834926
11.8785876763	39.957536398	161	234.708295323
11.8903201685	39.9575495434	162	235.109989309
11.902052665	39.9575615061	163	235.538248148
11.9137851653	39.9575722861	164	235.997401092
11.9255176692	39.9575818835	165	236.4935057
11.9372501762	39.9575902981	166	237.042777961
11.9489826858	39.9575975301	167	237.640659478
11.9607151977	39.9576035794	168	238.277710597
11.9724477115	39.957608446	169	238.944497221
11.9841802268	39.95761213	170	239.631590026
11.9959127431	39.9576146312	171	240.329563664
12.0076452601	39.9576159498	172	241.028995985
12.0193777773	39.9576160857	173	241.720467225
12.0311102944	39.9576150389	174	242.394559232
12.0428428109	39.9576128095	175	243.041854649
12.0545753264	39.9576093974	176	243.65293614
12.0663078406	39.9576048025	177	244.218385596
12.078040353	39.957599025	178	244.728783318
12.0897728632	39.9575920649	179	245.174764529
12.1015053708	39.957583922	180	245.553176694
12.1132378754	39.9575745965	181	245.872063415
12.1249703766	39.9575640883	182	246.140586403
12.136702874	39.9575523974	183	246.367906217
12.1484353672	39.9575395238	184	246.563181417
12.1601678558	39.9575254676	185	246.735567711
12.1719003393	39.9575102287	186	246.894217118
12.1836328174	39.9574938071	187	247.048277109
12.1953652897	39.9574762028	188	247.206889759
12.2070977557	39.9574574159	189	247.379190894
12.2188302151	39.9574374463	190	247.574309258
12.2305626675	39.957416294	191	247.80136565
12.2422951123	39.9573939591	192	248.069472063
12.2540275493	39.9573704415	193	248.387732304
12.265759978	39.9573457413	194	248.764692957
12.2774923981	39.9573198584	195	249.195696702
12.2892248091	39.9572927928	196	249.670396726
12.3009572105	39.9572645446	197	250.178448372
12.3126896021	39.9572351137	198	250.709509743
12.3244219834	39.9572045002	199	251.253242211
12.3361543539	39.957172704	200	251.799311027
12.3478867134	39.9571397252	201	252.337385874
12.3596190613	39.9571055637	202	252.85714143
12.3713513974	39.9570702196	203	253.348257948
12.383083721	39.9570336928	204	253.800421808
12.394816032	39.9569959835	205	254.203326108
12.4065483298	39.9569570914	206	254.546671228
12.4182806141	39.9569170168	207	254.820165387
12.4300128844	39.9568757595	208	255.039015153
12.4417451403	39.9568333196	209	255.242372877
12.4534773815	39.9567896971	210	255.426356908
12.4652096075	39.956744892	211	255.586147014
12.4769418179	39.9566989042	212	255.716932792
12.4886740124	39.9566517339	213	255.813914392
12.5004061905	39.9566033809	214	255.872303263
12.5121383517	39.9565538453	215	255.887322885
12.5238704958	39.9565031271	216	255.854209503
12.5356026223	39.9564512264	217	255.768212867
12.5473347307	39.956398143	218	255.624596965
12.5590668208	39.9563438771	219	255.418640756
12.570798892	39.9562884285	220	255.145638912
12.582530944	39.9562317974	221	254.800902542
12.5942629764	39.9561739838	222	254.355525393
12.6059949887	39.9561149875	223	253.737445016
12.6177269806	39.9560548087	224	252.969584093
12.6294589516	39.9559934473	225	252.082606722
12.6411909014	39.9559309034	226	251.107176406
12.6529228295	39.9558671769	227	250.073955919
12.6646547355	39.9558022679	228	249.013607111
12.6763866191	39.9557361763	229	247.956790726
12.6881184798	39.9556689022	230	246.934166247
12.6998503172	39.9556004455	231	245.976391676
12.7115821309	39.9555308064	232	245.114123343
12.7233139206	39.9554599847	233	244.378015696
12.7350456857	39.9553879805	234	243.798721113
12.7467774259	39.9553147938	235	243.406889636
12.7585091408	39.9552404245	236	243.238887067
12.77024083	39.9551648728	237	243.338557418
12.7819724931	39.9550881386	238	243.672964516
12.7937041296	39.9550102219	239	244.197878481
12.8054357392	39.9549311227	240	244.86904878
12.8171673215	39.9548508411	241	245.642203424
12.828898876	39.954769377	242	246.473048191
12.8406304024	39.9546867304	243	247.31726588
12.8523619002	39.9546029013	244	248.130515527
12.864093369	39.9545178898	245	248.868431679
12.8758248085	39.9544316959	246	249.486623669
12.8875562182	39.9543443195	247	249.940674879
12.8992875978	39.9542557607	248	250.186142044
12.9110189467	39.9541660195	249	250.178554549
12.9227502647	39.9540750959	250	249.877131083
12.9344815513	39.9539829898	251	249.324575505
12.946212806	39.9538897013	252	248.565444821
12.9579440286	39.9537952305	253	247.624775127
12.9696752186	39.9536995773	254	246.527615868
12.9814063755	39.9536027416	255	245.299030225
12.993137499	39.9535047236	256	243.964095467
13.0048685887	39.9534055233	257	242.547903417
13.0165996442	39.9533051406	258	241.07556082
13.028330665	39.9532035755	259	239.572189734
13.0400616508	39.9531008281	260	238.062927861
13.0517926011	39.9529968983	261	236.572928993
13.0635235156	39.9528917863	262	235.12736329
13.0752543938	39.9527854919	263	233.751417735
13.0869852353	39.9526780152	264	232.469721706
13.0987160398	39.9525693562	265	231.217625869
13.1104468068	39.9524595149	266	229.942192967
13.1221775359	39.9523484913	267	228.649541724
13.1339082268	39.9522362854	268	227.345789755
13.1456388789	39.9521228973	269	226.037053564
13.157369492	39.9520083269	270	224.729448449
13.1691000655	39.9518925742	271	223.429088523
13.1808305992	39.9517756394	272	222.14208658
13.1925610925	39.9516575222	273	220.874554202
13.2042915451	39.9515382229	274	219.632601538
13.2160219566	39.9514177413	275	218.422337412
13.2277523266	39.9512960776	276	217.249869185
13.2394826546	39.9511732316	277	216.121302797
13.2512129403	39.9510492034	278	215.042742626
13.2629431833	39.9509239931	279	214.023383076
13.2746733831	39.9507976006	280	213.0650067
13.2864035394	39.950670026	281	212.159082535
13.2981336517	39.9505412692	282	211.297000335
13.3098637196	39.9504113302	283	210.470133504
13.3215937428	39.9502802091	284	209.6698388
13.3333237208	39.9501479059	285	208.887456093
13.3450536532	39.9500144206	286	208.114308054
13.3567835396	39.9498797532	287	207.341699888
13.3685133797	39.9497439037	288	206.56091906
13.3802431729	39.9496068722	289	205.763235049
13.391972919	39.9494686585	290	204.939899097
13.4037026174	39.9493292628	291	204.082143926
13.4154322679	39.9491886851	292	203.181183523
13.4271618699	39.9490469253	293	202.237994574
13.4388914231	39.9489039835	294	201.275904261
13.4506209271	39.9487598597	295	200.297373736
13.4623503815	39.9486145539	296	199.303360251
13.4740797858	39.9484680661	297	198.294807042
13.4858091397	39.9483203963	298	197.27264296
13.4975384427	39.9481715445	299	196.237782148
13.5092676946	39.9480215108	300	195.191123633
13.5209968947	39.9478702951	301	194.133551078
13.5327260428	39.9477178975	302	193.06593227
13.5444551384	39.947564318	303	191.989118864
13.5561841812	39.9474095566	304	190.903945957
13.5679131707	39.9472536132	305	189.81123175
13.5796421065	39.947096488	306	188.711777097
13.5913709883	39.9469381809	307	187.597411681
13.6030998155	39.9467786919	308	186.424068358
13.6148285879	39.9466180211	309	185.196830118
13.626557305	39.9464561685	310	183.92894444
13.6382859663	39.946293134	311	182.633735576
13.6500145716	39.9461289177	312	181.324605703
13.6617431204	39.9459635196	313	180.015036248
13.6734716122	39.9457969397	314	178.718589048
13.6852000467	39.945629178	315	177.448907515
13.6969284235	39.9454602346	316	176.219717846
13.7086567422	39.9452901094	317	175.044830196
13.7203850024	39.9451188025	318	173.938139797
13.7321132036	39.9449463139	319	172.913628128
13.7438413454	39.9447726435	320	171.985364015
13.7555694276	39.9445977915	321	171.167117146
13.7672974496	39.9444217577	322	170.460043893
13.779025411	39.9442445423	323	169.851893301
13.7907533114	39.9440661452	324	169.329982595
13.8024811506	39.9438865665	325	168.881604675
13.8142089279	39.9437058062	326	168.494028014
13.8259366431	39.9435238642	327	168.154496475
13.8376642957	39.9433407407	328	167.850229188
13.8493918853	39.9431564355	329	167.568420477
13.8611194115	39.9429709488	330	167.296239705
13.8728468739	39.9427842805	331	167.020831245
13.8845742722	39.9425964307	332	166.729314375
13.8963016058	39.9424073993	333	166.408783267
13.9080288745	39.9422171865	334	166.04630689
13.9197560777	39.9420257921	335	165.629963494
13.9314832152	39.9418332162	336	165.215389911
13.9432102864	39.9416394589	337	164.83311913
13.954937291	39.9414445201	338	164.473106886
13.9666642286	39.9412483998	339	164.125272874
13.9783910987	39.9410510981	340	163.779500437
13.990117901	39.940852615	341	163.425636283
14.0018446351	39.9406529506	342	163.05349018
14.0135713006	39.9404521047	343	162.652834734
14.025297897	39.9402500774	344	162.213405053
14.0370244239	39.9400468689	345	161.724898519
14.0487508811	39.9398424789	346	161.176974614
14.0604772679	39.9396369077	347	160.559254596
14.0722035841	39.9394301551	348	159.861321379
14.0839298292	39.9392222213	349	159.072719258
14.0956560029	39.9390131062	350	158.202600633
14.1073821047	39.9388028098	351	157.272644267
14.1191081342	39.9385913322	352	156.284793895
14.1308340911	39.9383786733	353	155.240906814
14.1425599749	39.9381648333	354	154.142815879
14.1542857851	39.937949812	355	152.992329085
14.1660115215	39.9377336096	356	151.791228884
14.1777371836	39.937516226	357	150.541271834
14.189462771	39.9372976613	358	149.244187934
14.2011882834	39.9370779154	359	147.901680152
14.2129137202	39.9368569885	360	146.515423836
14.224639081	39.9366348804	361	145.087066216
14.2363643656	39.9364115913	362	143.618225701
14.2480895735	39.9361871211	363	142.110491488
14.2598147042	39.9359614698	364	140.529226303
14.2715397575	39.9357346376	365	138.800175899
14.2832647328	39.9355066243	366	136.945664032
14.2949896298	39.93527743	367	134.992330237
14.306714448	39.9350470548	368	132.966830826
14.3184391871	39.9348154986	369	130.895838601
14.3301638467	39.9345827615	370	128.806042554
14.3418884263	39.9343488434	371	126.724147653
14.3536129256	39.9341137445	372	124.676874382
14.3653373441	39.9338774647	373	122.690958596
14.3770616815	39.933640004	374	120.793151035
14.3887859373	39.9334013624	375	119.010217046
14.4005101111	39.9331615401	376	117.368936119
14.4122342026	39.9329205369	377	115.896101594
14.4239582114	39.9326783529	378	114.607841725
14.4356821369	39.9324349881	379	113.462552138
14.4474059789	39.9321904426	380	112.440705291
14.4591297369	39.9319447164	381	111.528400962
14.4708534106	39.9316978094	382	110.711796514
14.4825769994	39.9314497218	383	109.977107494
14.4943005031	39.9312004534	384	109.310608325
14.5060239212	39.9309500044	385	108.698632839
14.5177472533	39.9306983748	386	108.127574957
14.529470499	39.9304455645	387	107.583889285
14.5411936579	39.9301915737	388	107.054091647
14.55	39.93	388.751	106.657145569
>  14.55, 39.93, -W1p,black
14.55	39.93	388.751	106.657145569
14.5573988026	39.9369779005	389.751	105.259267477
14.5647991142	39.9439553307	390.751	103.900454069
14.5722009352	39.9509322902	391.751	102.572270168
14.5796042663	39.957908779	392.751	101.265354035
14.5870091081	39.9648847967	393.751	99.9730619808
14.5944154611	39.9718603433	394.751	98.7149137585
14.601823326	39.9788354184	395.751	97.4886464729
14.6092327032	39.9858100218	396.751	96.2856433726
14.6166435934	39.9927841534	397.751	95.0977389413
14.6240559972	39.999757813	398.751	93.9174043899
14.6314699152	40.0067310002	399.751	92.7379064258
14.6388853478	40.0137037149	400.751	91.5534392488
14.6463022958	40.0206759569	401.751	90.3592298481
14.6537207596	40.027647726	402.751	89.1516165167
14.6611407399	40.034619022	403.751	87.9281004593
14.6685622373	40.0415898446	404.751	86.687370597
14.6759852523	40.0485601936	405.751	85.4293014009
14.6834097855	40.0555300689	406.751	84.1549237838
14.6908358374	40.0624994702	407.751	82.8663690585
14.6982634088	40.0694683972	408.751	81.5667857707
14.7056925002	40.0764368499	409.751	80.2602295148
14.713123112	40.0834048278	410.751	78.9515314609
14.720555245	40.090372331	411.751	77.6608193215
14.7279888998	40.0973393591	412.751	76.4061590543
14.7354240768	40.1043059119	413.751	75.1915265456
14.7428607767	40.1112719892	414.751	74.0208866647
14.750299	40.1182375908	415.751	72.8980888602
14.7577387474	40.1252027164	416.751	71.8157251378
14.7651800194	40.1321673659	417.751	70.767452917
14.7726228167	40.1391315391	418.751	69.7586235136
14.7800671397	40.1460952357	419.751	68.7938610519
14.7875129891	40.1530584555	420.751	67.8767714465
14.7949603655	40.1600211983	421.751	67.0096994337
14.8024092694	40.1669834639	422.751	66.1935332258
14.8098597015	40.1739452521	423.751	65.4275568774
14.8173116623	40.1809065626	424.751	64.7093504821
14.8247651524	40.1878673953	425.751	64.0347381728
14.8322201724	40.1948277499	426.751	63.3977841179
14.8396767229	40.2017876261	427.751	62.7908364706
14.8471348045	40.2087470239	428.751	62.2046193793
14.8545944177	40.2157059429	429.751	61.6283732029
14.8620555631	40.222664383	430.751	61.0500428333
14.8695182414	40.229622344	431.751	60.4565143719
14.8769824531	40.2365798255	432.751	59.8339001339
14.8844481988	40.2435368275	433.751	59.1678719992
14.8919154791	40.2504933497	434.751	58.4440154292
14.8993842946	40.2574493918	435.751	57.6459541082
14.9068546458	40.2644049537	436.751	56.7702014107
14.9143265333	40.2713600351	437.751	55.821103144
14.9217999579	40.2783146359	438.751	54.826975116
14.9292749199	40.2852687557	439.751	53.8623541862
14.9367514201	40.2922223944	440.751	52.9309517673
14.9442294589	40.2991755519	441.751	52.0302651829
14.9517090371	40.3061282277	442.751	51.1571268918
14.9591901551	40.3130804218	443.751	50.3077581747
14.9666728136	40.3200321339	444.751	49.4778237218
14.9741570132	40.3269833639	445.751	48.6624864338
14.9816427544	40.3339341113	446.751	47.8564629703
14.9891300379	40.3408843762	447.751	47.0540795226
14.9966188642	40.3478341582	448.751	46.2493284675
15.0041092339	40.3547834571	449.751	45.435925233
15.0116011476	40.3617322728	450.751	44.6073658124
15.019094606	40.3686806049	451.751	43.756984867
15.0265896095	40.3756284533	452.751	42.8780141237
15.0340861588	40.3825758178	453.751	41.9636415512
15.0415842545	40.3895226981	454.751	41.0070709116
15.0490838971	40.396469094	455.751	40.001581832
15.0565850873	40.4034150053	456.751	38.9405904559
15.0640878257	40.4103604318	457.751	37.8177105817
15.0715921128	40.4173053732	458.751	36.6264449398
15.0790979492	40.4242498294	459.751	35.312446132
15.0866053355	40.4311938001	460.751	33.8368798559
15.0941142724	40.4381372851	461.751	32.1958025308
15.1016247604	40.4450802841	462.751	30.4166167324
15.1091368	40.4520227971	463.751	28.5310461057
15.116650392	40.4589648237	464.751	26.5700854422
15.1241655368	40.4659063637	465.751	24.5635471827
15.1316822352	40.4728474169	466.751	22.539656577
15.1392004876	40.4797879831	467.751	20.5246959051
15.1467202946	40.486728062	468.751	18.5426973923
15.154241657	40.4936676535	469.751	16.6151851638
15.1617645752	40.5006067573	470.751	14.7609664294
15.1692890498	40.5075453732	471.751	12.99597151
15.1768150815	40.514483501	472.751	11.3331432215
15.1843426708	40.5214211404	473.751	9.78237555103
15.1918718184	40.5283582913	474.751	8.3505015287
15.1994025247	40.5352949534	475.751	7.04133068593
15.2069347905	40.5422311265	476.751	5.85573577121
15.2144686164	40.5491668103	477.751	4.79178923404
15.2220040028	40.5561020048	478.751	3.84494921079
15.2295409504	40.5630367095	479.751	3.00829516642
15.2370794599	40.5699709244	480.751	2.27281337885
15.2446195317	40.5769046491	481.751	1.62773225469
15.2521611666	40.5838378835	482.751	1.05954522246
15.259704365	40.5907706274	483.751	0.563332599807
15.2672491276	40.5977028805	484.751	0.13013341943
15.2747954551	40.6046346425	485.751	-0.267688548973
15.2823433479	40.6115659134	486.751	-0.655845260508
15.2898928066	40.6184966928	487.751	-1.05752158648
15.297443832	40.6254269806	488.751	-1.49286103431
15.3049964245	40.6323567764	489.751	-1.9785400946
15.3125505848	40.6392860802	490.751	-2.52743145742
15.3201063135	40.6462148916	491.751	-3.14835606856
15.3276636112	40.6531432105	492.751	-3.84592429698
15.3352224784	40.6600710366	493.751	-4.62046622827
15.3427829157	40.6669983696	494.751	-5.46805130203
15.3503449239	40.6739252095	495.751	-6.38059739541
15.3579085034	40.6808515559	496.751	-7.34606935741
15.3654736549	40.6877774087	497.751	-8.34876739768
15.3730403789	40.6947027675	498.751	-9.36970513447
15.3806086761	40.7016276322	499.751	-10.3870777313
15.388178547	40.7085520026	500.751	-11.3768199816
15.3957499923	40.7154758784	501.751	-12.3132546788
15.4033230126	40.7223992595	502.751	-13.1698312948
15.4108976084	40.7293221455	503.751	-13.9199550874
15.4184737804	40.7362445363	504.751	-14.5378264645
15.4260515291	40.7431664316	505.751	-15.0000373595
15.4336308552	40.7500878312	506.751	-15.2896580743
15.4412117593	40.757008735	507.751	-15.4009004809
15.4487942419	40.7639291426	508.751	-15.3393092472
15.4563783037	40.7708490538	509.751	-15.1093168913
15.4639639453	40.7777684684	510.751	-14.7175726951
15.4715511672	40.7846873863	511.751	-14.1725525386
15.4791399701	40.7916058071	512.751	-13.4841976901
15.4867303546	40.7985237307	513.751	-12.663582502
15.4943223212	40.8054411567	514.751	-11.7226112075
15.5019158706	40.8123580851	515.751	-10.6737436446
15.5095110034	40.8192745155	516.751	-9.52975023868
15.5171077202	40.8261904478	517.751	-8.30349595676
15.5247060215	40.8331058817	518.751	-7.00775357976
15.532305908	40.840020817	519.751	-5.65504608211
15.5399073803	40.8469352534	520.751	-4.25751836527
15.5475104391	40.8538491908	521.751	-2.82683820411
15.5551150848	40.8607626289	522.751	-1.37412667235
15.5627213181	40.8676755675	523.751	0.0900822009657
15.5703291396	40.8745880063	524.751	1.55585221394
15.5779385499	40.8814999452	525.751	3.01382639967
15.5855495496	40.8884113839	526.751	4.45780215015
15.5931621394	40.8953223221	527.751	5.90144076478
15.6007763197	40.9022327598	528.751	7.3355725215
15.6083920913	40.9091426965	529.751	8.74596319271
15.6160094547	40.9160521322	530.751	10.1200629296
15.6236284106	40.9229610665	531.751	11.4657005478
15.6312489595	40.9298694993	532.751	12.8021578119
15.638871102	40.9367774303	533.751	14.1235212752
15.6464948388	40.9436848592	534.751	15.4240100336
15.6541201705	40.950591786	535.751	16.6982331418
15.6617470976	40.9574982103	536.751	17.9412269343
15.6693756208	40.9644041319	537.751	19.148491216
15.6770057407	40.9713095506	538.751	20.3160240627
15.6846374578	40.9782144661	539.751	21.4403553929
15.6922707728	40.9851188783	540.751	22.5185793222
15.6999056864	40.9920227869	541.751	23.5483851524
15.707542199	40.9989261916	542.751	24.5280871234
15.7151803114	41.0058290923	543.751	25.4566529646
15.7228200241	41.0127314887	544.751	26.3337310246
15.7304613377	41.0196333806	545.751	27.1596762468
15.7381042528	41.0265347678	546.751	27.9355748017
15.7457487701	41.0334356499	547.751	28.663267448
15.7533948901	41.0403360269	548.751	29.3415361374
15.7610426135	41.0472358985	549.751	29.95881333
15.7686919409	41.0541352644	550.751	30.522492273
15.7763428729	41.0610341244	551.751	31.0435131267
15.78399541	41.0679324783	552.751	31.5341265413
15.7916495529	41.0748303258	553.751	32.0077924293
15.7993053023	41.0817276668	554.751	32.4790280597
15.8069626586	41.088624501	555.751	32.9551778785
15.8146216226	41.0955208281	556.751	33.4328456536
15.8222821949	41.102416648	557.751	33.9265832323
15.8299443759	41.1093119604	558.751	34.4503140183
15.8376081665	41.1162067651	559.751	35.0161227772
15.845273567	41.1231010618	560.751	35.6339742775
15.8529405783	41.1299948503	561.751	36.3114949066
15.8606092009	41.1368881304	562.751	37.0538172094
15.8682794353	41.1437809019	563.751	37.8634875478
15.8759512823	41.1506731645	564.751	38.7404369297
15.8836247424	41.157564918	565.751	39.6820150859
15.8912998162	41.1644561622	566.751	40.6830879193
15.8989765044	41.1713468968	567.751	41.7361983829
15.9066548076	41.1782371216	568.751	42.8317909048
15.9143347263	41.1851268364	569.751	43.9584994229
15.9220162612	41.1920160409	570.751	45.1080923001
15.9296994128	41.1989047349	571.751	46.2731485915
15.9373841819	41.2057929182	572.751	47.4383133232
15.9450705691	41.2126805906	573.751	48.5895014664
15.9527585748	41.2195677518	574.751	49.7141817378
15.9604481998	41.2264544015	575.751	50.8014731398
15.9681394447	41.2333405397	576.751	51.8421870713
15.97583231	41.2402261659	577.751	52.8288150157
15.9835267965	41.24711128	578.751	53.7554618619
15.9912229046	41.2539958818	579.751	54.6140597909
15.998920635	41.260879971	580.751	55.3882318909
16.0066199884	41.2677635474	581.751	56.0823973579
16.0143209654	41.2746466107	582.751	56.7027765961
16.0220235664	41.2815291608	583.751	57.2545186136
16.0297277923	41.2884111974	584.751	57.7414585709
16.0374336436	41.2952927202	585.751	58.1659614225
16.0451411209	41.3021737291	586.751	58.5288519641
16.0528502247	41.3090542238	587.751	58.8294312801
16.0605609559	41.315934204	588.751	59.0655797899
16.0682733149	41.3228136696	589.751	59.2339469036
16.0759873023	41.3296926202	590.751	59.3302275919
16.0837029189	41.3365710557	591.751	59.3496741871
16.0914201651	41.3434489759	592.751	59.2921263425
16.0991390417	41.3503263804	593.751	59.1595110297
16.1068595492	41.3572032691	594.751	58.9542432223
16.11	41.36	595.158	58.8508624037
>  16.11, 41.36, -W1p,white
16.11	41.36	595.158	58.8508624037
16.1212657421	41.3569382092	596.158	58.9678666768
16.1325304241	41.3538753198	597.158	59.0454187228
16.1437940459	41.3508113321	598.158	59.0942355693
16.1550566074	41.3477462464	599.158	59.1243702098
16.1663181083	41.3446800628	600.158	59.1451222913
16.1775785485	41.3416127816	601.158	59.1649620613
16.1888379278	41.3385444031	602.158	59.1914676993
16.2000962461	41.3354749273	603.158	59.2312760328
16.2113535032	41.3324043545	604.158	59.2900466108
16.2226096989	41.3293326851	605.158	59.372439279
16.2338648331	41.3262599191	606.158	59.4821052793
16.2451189056	41.3231860568	607.158	59.6216917805
16.2563719163	41.3201110984	608.158	59.7762408968
16.2676238649	41.3170350442	609.158	59.9038178605
16.2788747514	41.3139578944	610.158	60.0072519768
16.2901245755	41.3108796491	611.158	60.0915807431
16.3013733371	41.3078003087	612.158	60.161411718
16.3126210361	41.3047198733	613.158	60.2209235484
16.3238676722	41.3016383432	614.158	60.2738762629
16.3351132453	41.2985557186	615.158	60.3236310265
16.3463577552	41.2954719996	616.158	60.3731793031
16.3576012019	41.2923871866	617.158	60.4251814151
16.3688435851	41.2893012797	618.158	60.4820146897
16.3800849046	41.2862142793	619.158	60.5458309714
16.3913251603	41.2831261854	620.158	60.6186237877
16.4025643521	41.2800369983	621.158	60.702304942
16.4138024798	41.2769467182	622.158	60.7987907792
16.4250395431	41.2738553455	623.158	60.8896372946
16.4362755421	41.2707628802	624.158	60.9473984512
16.4475104764	41.2676693226	625.158	60.972659314
16.458744346	41.2645746729	626.158	60.9677384029
16.4699771507	41.2614789314	627.158	60.936383098
16.4812088902	41.2583820983	628.158	60.88360845
16.4924395646	41.2552841737	629.158	60.8155174384
16.5036691736	41.252185158	630.158	60.7391026603
16.514897717	41.2490850513	631.158	60.6626985585
16.5261251947	41.2459838539	632.158	60.6032018356
16.5373516066	41.242881566	633.158	60.5718828491
16.5485769524	41.2397781878	634.158	60.5771533228
16.5598012321	41.2366737195	635.158	60.6270071528
16.5710244454	41.2335681614	636.158	60.7288606635
16.5822465922	41.2304615136	637.158	60.8894603125
16.5934676724	41.2273537765	638.158	61.1189825387
16.6046876858	41.2242449501	639.158	61.4159904307
16.6159066323	41.2211350348	640.158	61.772022613
16.62	41.22	640.523	61.9149298355
>  16.62, 41.22, -W1p,black
16.62	41.22	640.523	61.9149298355
16.6266280646	41.2274849906	641.523	61.9121590947
16.6332576469	41.2349696011	642.523	61.9107026161
16.6398887475	41.2424538312	643.523	61.9113725446
16.6465213671	41.2499376808	644.523	61.9145471883
16.6531555063	41.2574211497	645.523	61.8883052225
16.6597911658	41.2649042378	646.523	61.8006131099
16.6664283463	41.2723869447	647.523	61.6561815473
16.6730670485	41.2798692704	648.523	61.4597076951
16.679707273	41.2873512146	649.523	61.2160040744
16.6863490206	41.2948327772	650.523	60.9301231635
16.6929922918	41.302313958	651.523	60.6074570362
16.6996370873	41.3097947567	652.523	60.2538119932
16.7062834079	41.3172751733	653.523	59.8754580745
16.7129312542	41.3247552074	654.523	59.4791535307
16.7195806269	41.332234859	655.523	59.0721440386
16.7262315266	41.3397141277	656.523	58.6621368091
16.7328839541	41.3471930136	657.523	58.2572493257
16.7395379099	41.3546715163	658.523	57.8659328986
16.7461933948	41.3621496356	659.523	57.4968707638
16.7528504095	41.3696273714	660.523	57.1599488668
16.7595089546	41.3771047235	661.523	56.865046251
16.7661690308	41.3845816917	662.523	56.6183546177
16.7728306388	41.3920582758	663.523	56.425503191
16.7794937792	41.3995344756	664.523	56.2916610745
16.7861584528	41.407010291	665.523	56.221554502
16.7928246601	41.4144857217	666.523	56.2194952307
16.799492402	41.4219607675	667.523	56.2886707174
16.806161679	41.4294354283	668.523	56.4213750154
16.8128324919	41.4369097038	669.523	56.6028176054
16.8195048413	41.444383594	670.523	56.8192429939
16.8261787279	41.4518570985	671.523	57.0583036728
16.8328541523	41.4593302172	672.523	57.309228466
16.8395311154	41.4668029499	673.523	57.5629504662
16.8462096176	41.4742752964	674.523	57.8121945833
16.8528896598	41.4817472566	675.523	58.0515245458
16.8595712426	41.4892188302	676.523	58.2773493348
16.8662543667	41.4966900171	677.523	58.4878889693
16.8729390327	41.5041608169	678.523	58.6830995152
16.8796252414	41.5116312297	679.523	58.864557342
16.8863129934	41.5191012551	680.523	59.0353024047
16.8930022894	41.526570893	681.523	59.1996406404
16.8996931301	41.5340401432	682.523	59.3629052633
16.9063855161	41.5415090055	683.523	59.5311769683
16.9130794482	41.5489774797	684.523	59.7109629127
16.9197749271	41.5564455657	685.523	59.8998997344
16.9264719533	41.5639132631	686.523	60.0865284994
16.9331705277	41.5713805719	687.523	60.2722322743
16.9398706508	41.5788474918	688.523	60.4583487519
16.9465723234	41.5863140226	689.523	60.6499552632
16.9532755462	41.5937801642	690.523	60.8894501249
16.9599803198	41.6012459164	691.523	61.1853895382
16.9666866449	41.6087112789	692.523	61.5339234512
16.9733945223	41.6161762517	693.523	61.9304630924
16.9801039525	41.6236408344	694.523	62.3698417317
16.9868149363	41.6311050269	695.523	62.8464632742
16.9935274744	41.6385688289	696.523	63.3544385185
17.0002415674	41.6460322404	697.523	63.8877091968
17.0069572161	41.6534952612	698.523	64.4401596
17.0136744211	41.6609578909	699.523	65.0057159254
17.0203931831	41.6684201295	700.523	65.5784333063
17.0271135029	41.6758819767	701.523	66.1525703349
17.033835381	41.6833434323	702.523	66.722651293
17.0405588182	41.6908044962	703.523	67.2835158875
17.0472838151	41.6982651681	704.523	67.8303565259
17.0540103725	41.7057254479	705.523	68.3587431595
17.0607384911	41.7131853354	706.523	68.8646355711
17.0674681715	41.7206448303	707.523	69.3443831597
17.0741994144	41.7281039325	708.523	69.7947121936
17.0809322206	41.7355626418	709.523	70.2126668006
17.0876665906	41.743020958	710.523	70.5867445137
17.0944025253	41.7504788809	711.523	70.9071391726
17.1011400252	41.7579364103	712.523	71.1972905213
17.1078790911	41.7653935459	713.523	71.4791620693
17.1146197237	41.7728502877	714.523	71.7534906107
17.1213619236	41.7803066355	715.523	72.021148458
17.1281056916	41.7877625889	716.523	72.2830119752
17.1348510284	41.7952181479	717.523	72.5398431032
17.1415979346	41.8026733122	718.523	72.7921838016
17.1483464109	41.8101280816	719.523	73.0402635471
17.155096458	41.817582456	720.523	73.2839198456
17.1618480767	41.8250364351	721.523	73.5225317877
17.1686012676	41.8324900187	722.523	73.7549667114
17.1753560314	41.8399432068	723.523	73.9795399548
17.1821123688	41.8473959989	724.523	74.1939877175
17.1888702805	41.8548483951	725.523	74.3954531327
17.1956297672	41.862300395	726.523	74.5804854515
17.2023908296	41.8697519985	727.523	74.7450524868
17.2091534683	41.8772032053	728.523	74.8845662515
17.2159176842	41.8846540154	729.523	74.9939218734
17.2226834778	41.8921044284	730.523	75.0675497677
17.2294508499	41.8995544442	731.523	75.099481137
17.2362198012	41.9070040626	732.523	75.0834267832
17.2429903324	41.9144532833	733.523	75.0128692835
17.2497624441	41.9219021063	734.523	74.8886917226
17.2565361371	41.9293505313	735.523	74.7311317402
17.263311412	41.936798558	736.523	74.5350348893
17.2700882696	41.9442461864	737.523	74.2922804419
17.2768667106	41.9516934162	738.523	73.9949613711
17.2836467357	41.9591402472	739.523	73.6356153961
17.2904283455	41.9665866792	740.523	73.207432611
17.2972115407	41.974032712	741.523	72.7044396355
17.3039963221	41.9814783455	742.523	72.1216602377
17.3107826904	41.9889235793	743.523	71.4552524302
17.3175706463	41.9963684134	744.523	70.702621882
17.3243601904	42.0038128475	745.523	69.862511775
17.3311513235	42.0112568814	746.523	68.9350688759
17.3379440462	42.0187005149	747.523	67.9218859171
17.3447383593	42.0261437479	748.523	66.8260201486
17.3515342635	42.0335865801	749.523	65.6519881223
17.3583317595	42.0410290113	750.523	64.4057365215
17.3651308479	42.0484710414	751.523	63.094589102
17.3719315295	42.0559126701	752.523	61.7271696859
17.378733805	42.0633538972	753.523	60.3133010948
17.3855376751	42.0707947226	754.523	58.8638800382
17.3923431405	42.078235146	755.523	57.3907279467
17.3991502018	42.0856751673	756.523	55.9032567007
17.4059588599	42.0931147861	757.523	54.3596829628
17.4127691154	42.1005540025	758.523	52.7572361421
17.419580969	42.107992816	759.523	51.1066254823
17.4263944214	42.1154312266	760.523	49.4150126516
17.4332094733	42.122869234	761.523	47.6986272122
17.4400261255	42.1303068381	762.523	45.9731169766
17.4468443786	42.1377440386	763.523	44.2531887591
17.4536642333	42.1451808354	764.523	42.5523516784
17.4604856904	42.1526172282	765.523	40.8827005002
17.4673087506	42.1600532168	766.523	39.2547388079
17.4741334145	42.1674888011	767.523	37.677242247
17.4809596829	42.1749239808	768.523	36.1571619157
17.4877875564	42.1823587557	769.523	34.6995678516
17.4946170359	42.1897931257	770.523	33.3076328006
17.501448122	42.1972270905	771.523	31.982656399
17.5082808154	42.2046606499	772.523	30.724129633
17.5151151167	42.2120938038	773.523	29.5298398556
17.5219510269	42.2195265519	774.523	28.3960163911
17.5287885464	42.2269588941	775.523	27.3175167054
17.5356276761	42.23439083	776.523	26.2880533781
17.5424684167	42.2418223596	777.523	25.3004617442
17.5493107689	42.2492534826	778.523	24.3470085682
17.5561547333	42.2566841989	779.523	23.4227406902
17.5630003107	42.2641145082	780.523	22.5229675232
17.5698475019	42.2715444102	781.523	21.6380068534
17.5766963074	42.2789739049	782.523	20.7599303727
17.5835467281	42.2864029921	783.523	19.8840849691
17.5903987647	42.2938316714	784.523	19.012641025
17.5972524178	42.3012599427	785.523	18.1422352585
17.6041076881	42.3086878059	786.523	17.269219804
17.6109645765	42.3161152607	787.523	16.3905872758
17.6178230836	42.3235423068	788.523	15.5039189359
17.6246832101	42.3309689442	789.523	14.6073362573
17.6315449567	42.3383951725	790.523	13.6994560279
17.6384083241	42.3458209917	791.523	12.7793487859
17.6452733132	42.3532464014	792.523	11.8465008252
17.6521399245	42.3606714016	793.523	10.9007795835
17.6590081588	42.3680959919	794.523	9.94240255754
17.6658780168	42.3755201722	795.523	8.97190963661
17.6727494992	42.3829439422	796.523	7.99013898698
17.6796226068	42.3903673019	797.523	6.99820634855
17.6864973403	42.3977902509	798.523	5.99748794031
17.6933737003	42.4052127891	799.523	4.98960674922
17.7002516877	42.4126349162	800.523	3.97642239824
17.707131303	42.4200566321	801.523	2.9567187981
17.7140125471	42.4274779366	802.523	1.90769718641
17.7208954207	42.4348988293	803.523	0.834099384539
17.7277799244	42.4423193103	804.523	-0.253635305409
17.734666059	42.4497393792	805.523	-1.34660580389
17.7415538252	42.4571590358	806.523	-2.43746206269
17.7484432238	42.4645782799	807.523	-3.52021667733
17.7553342554	42.4719971114	808.523	-4.58670172529
17.7622269209	42.4794155299	809.523	-5.6284144056
17.7691212208	42.4868335354	810.523	-6.63816865466
17.7760171559	42.4942511276	811.523	-7.60973461634
17.7829147269	42.5016683063	812.523	-8.53788094036
17.7898139347	42.5090850713	813.523	-9.41840876653
17.7967147798	42.5165014224	814.523	-10.2481773237
17.803617263	42.5239173594	815.523	-11.0251212598
17.8105213851	42.531332882	816.523	-11.7482595361
17.8174271467	42.5387479902	817.523	-12.4176959653
17.8243345486	42.5461626836	818.523	-13.0346113429
17.8312435915	42.553576962	819.523	-13.6012471712
17.8381542761	42.5609908253	820.523	-14.120880945
17.8450666032	42.5684042733	821.523	-14.5977929915
17.8519805734	42.5758173057	822.523	-15.0372248311
17.8588961876	42.5832299223	823.523	-15.4453291034
17.8658134464	42.5906421229	824.523	-15.7827730897
17.8727323505	42.5980539074	825.523	-16.0074679005
17.8796529007	42.6054652755	826.523	-16.14034385
17.8865750978	42.612876227	827.523	-16.2022809025
17.8934989423	42.6202867617	828.523	-16.2138806925
17.9004244352	42.6276968794	829.523	-16.1954139813
17.907351577	42.6351065798	830.523	-16.1667507594
17.9142803685	42.6425158629	831.523	-16.1474645298
17.9212108105	42.6499247283	832.523	-16.158902654
17.9281429037	42.6573331759	833.523	-16.2133692231
17.9350766487	42.6647412054	834.523	-16.3202818445
17.94	42.67	835.233	-16.4333617739
>  17.94, 42.67, -W1p,white
17.94	42.67	835.233	-16.4333617739
17.9487795453	42.663738831	836.233	-17.6116567428
17.9575573223	42.6574769918	837.233	-18.796843479
17.9663333315	42.6512144825	838.233	-19.9830580588
17.9751075735	42.6449513035	839.233	-21.1625236099
17.9838800489	42.6386874551	840.233	-22.3256393828
17.9926507582	42.6324229376	841.233	-23.4611503544
18.0014197019	42.6261577511	842.233	-24.5563973509
18.0101868807	42.6198918961	843.233	-25.5976475392
18.0189522951	42.6136253727	844.233	-26.5705052642
18.0277159455	42.6073581814	845.233	-27.4604030977
18.0364778327	42.6010903222	846.233	-28.2531731488
18.0452379571	42.5948217956	847.233	-28.9356982926
18.0539963193	42.5885526019	848.233	-29.4966435667
18.0627529198	42.5822827412	849.233	-29.9290431261
18.0715077592	42.5760122138	850.233	-30.2753985634
18.0802608381	42.5697410202	851.233	-30.5514288334
18.089012157	42.5634691605	852.233	-30.7625425524
18.0977617164	42.5571966349	853.233	-30.9179733539
18.1065095169	42.5509234439	854.233	-31.0247246788
18.1152555592	42.5446495877	855.233	-31.0915907969
18.1239998436	42.5383750665	856.233	-31.1282310322
18.1327423708	42.5320998806	857.233	-31.1443627804
18.1414831413	42.5258240304	858.233	-31.1490731724
18.1502221557	42.519547516	859.233	-31.150249296
18.1589594146	42.5132703378	860.233	-31.1541268373
18.1676949184	42.5069924961	861.233	-31.1649570406
18.1764286678	42.5007139911	862.233	-31.1847918514
18.1851606632	42.4944348231	863.233	-31.2133871405
18.1938909053	42.4881549924	864.233	-31.2482238741
18.2026193946	42.4818744993	865.233	-31.2846471346
18.2113461317	42.475593344	866.233	-31.3161228531
18.220071117	42.4693115269	867.233	-31.3346121422
18.2287943513	42.4630290481	868.233	-31.3310631183
18.2375158349	42.4567459081	869.233	-31.296020085
18.2462355684	42.450462107	870.233	-31.2201497389
18.2549535525	42.4441776451	871.233	-31.0599172415
18.2636697877	42.4378925227	872.233	-30.7927815036
18.2723842745	42.4316067402	873.233	-30.4314235869
18.2810970134	42.4253202977	874.233	-29.9939243804
18.2898080051	42.4190331956	875.233	-29.5035080622
18.29851725	42.4127454341	876.233	-29.0080891464
18.3072247487	42.4064570135	877.233	-28.6046801416
18.3159305019	42.400167934	878.233	-28.3329156241
18.32463451	42.3938781961	879.233	-28.2242280692
18.33	42.39	879.85	-28.2503325348
>  18.33, 42.39, -W1p,black
18.33	42.39	879.85	-28.2503325348
18.336643965	42.3975366752	880.85	-27.2745172073
18.343289526	42.4050729666	881.85	-26.3044591813
18.3499366838	42.4126088741	882.85	-25.3910084412
18.3565854391	42.4201443976	883.85	-24.5759442361
18.3632357926	42.4276795367	884.85	-23.798387855
18.3698877451	42.4352142913	885.85	-23.0667955787
18.3765412973	42.4427486613	886.85	-22.4089686832
18.3831964499	42.4502826464	887.85	-21.8480725159
18.3898532036	42.4578162464	888.85	-21.4024682096
18.3965115591	42.4653494611	889.85	-21.0856750308
18.4031715173	42.4728822903	890.85	-20.9064635948
18.4098330788	42.480414734	891.85	-20.8690802575
18.4164962443	42.4879467917	892.85	-20.9655782204
18.4231610145	42.4954784634	893.85	-21.1663361777
18.4298273903	42.5030097489	894.85	-21.4628008761
18.4364953723	42.5105406479	895.85	-21.84803695
18.4431649612	42.5180711603	896.85	-22.3152584471
18.4498361578	42.5256012858	897.85	-22.8581125761
18.4565089629	42.5331310244	898.85	-23.4709070602
18.463183377	42.5406603757	899.85	-24.1487808194
18.4698594011	42.5481893396	900.85	-24.8878180791
18.4765370357	42.5557179159	901.85	-25.685105597
18.4832162817	42.5632461044	902.85	-26.5387330098
18.4898971397	42.5707739048	903.85	-27.4477361404
18.4965796105	42.5783013171	904.85	-28.4119832225
18.5032636948	42.585828341	905.85	-29.436663179
18.5099493934	42.5933549763	906.85	-30.6014157015
18.516636707	42.6008812228	907.85	-31.9318383005
18.5233256363	42.6084070804	908.85	-33.4231173911
18.5300161821	42.6159325487	909.85	-35.06890077
18.536708345	42.6234576277	910.85	-36.8610958802
18.5434021259	42.6309823171	911.85	-38.7897247267
18.5500975254	42.6385066167	912.85	-40.842835969
18.5567945443	42.6460305264	913.85	-43.0064740974
18.5634931833	42.6535540459	914.85	-45.264705732
18.5701934432	42.661077175	915.85	-47.5997034311
18.5768953247	42.6685999136	916.85	-49.9918868712
18.5835988285	42.6761222614	917.85	-52.4260340375
18.5903039553	42.6836442183	918.85	-54.8974352548
18.597010706	42.691165784	919.85	-57.3912400954
18.6037190812	42.6986869584	920.85	-59.8913031799
18.6104290817	42.7062077412	921.85	-62.3806917241
18.6171407082	42.7137281323	922.85	-64.8417786765
18.6238539614	42.7212481314	923.85	-67.2563778088
18.6305688422	42.7287677384	924.85	-69.6059212301
18.6372853511	42.736286953	925.85	-71.8716789295
18.6440034891	42.7438057751	926.85	-74.0350210232
18.6507232567	42.7513242045	927.85	-76.0789553496
18.6574446547	42.7588422409	928.85	-78.0776297308
18.664167684	42.7663598842	929.85	-80.0685611641
18.6708923452	42.7738771342	930.85	-82.0314100344
18.677618639	42.7813939906	931.85	-83.9460436534
18.6843465663	42.7889104533	932.85	-85.7927935062
18.6910761277	42.7964265221	933.85	-87.5527032392
18.6978073239	42.8039421967	934.85	-89.2077676459
18.7045401558	42.811457477	935.85	-90.7411625328
18.7112746241	42.8189723628	936.85	-92.1374652961
18.7180107295	42.8264868539	937.85	-93.3828664234
18.7247484727	42.83400095	938.85	-94.4653717538
18.7314878546	42.841514651	939.85	-95.3749955728
18.7382288758	42.8490279566	940.85	-96.1039443784
18.744971537	42.8565408668	941.85	-96.6467871312
18.7517158391	42.8640533812	942.85	-96.9790735737
18.7584617828	42.8715654996	943.85	-97.0829092367
18.7652093688	42.879077222	944.85	-96.9671588822
18.7719585979	42.886588548	945.85	-96.6464640305
18.7787094707	42.8940994775	946.85	-96.1410267455
18.7854619882	42.9016100102	947.85	-95.4762642141
18.7922161509	42.909120146	948.85	-94.68233426
18.7989719597	42.9166298847	949.85	-93.7935310658
18.8057294153	42.924139226	950.85	-92.8228629279
18.8124885184	42.9316481698	951.85	-91.7931972809
18.8192492698	42.9391567159	952.85	-90.7632360875
18.8260116702	42.946664864	953.85	-89.7861667619
18.8327757205	42.954172614	954.85	-88.9083221097
18.8395414212	42.9616799656	955.85	-88.168142173
18.8463087733	42.9691869187	956.85	-87.5953353125
18.8530777774	42.976693473	957.85	-87.2102393142
18.8598484342	42.9841996284	958.85	-87.0233825672
18.8666207446	42.9917053846	959.85	-87.0352459125
18.8733947093	42.9992107415	960.85	-87.2362255623
18.8801703291	43.0067156988	961.85	-87.6067973731
18.8869476046	43.0142202564	962.85	-88.1178830245
18.8937265366	43.021724414	963.85	-88.7314183633
18.9005071259	43.0292281714	964.85	-89.4011244619
18.9072893733	43.0367315285	965.85	-90.0734817005
18.9140732795	43.044234485	966.85	-90.6846317421
18.9208588452	43.0517370407	967.85	-91.1409324625
18.9276460712	43.0592391954	968.85	-91.3954975535
18.9344349583	43.066740949	969.85	-91.4183784957
18.9412255071	43.0742423012	970.85	-91.1868592942
18.9480177185	43.0817432517	971.85	-90.6859868809
18.9548115933	43.0892438005	972.85	-89.9575982769
18.9616071321	43.0967439473	973.85	-89.0968812553
18.9684043357	43.1042436919	974.85	-88.0548708003
18.975203205	43.1117430341	975.85	-86.7837371902
18.9820037405	43.1192419737	976.85	-85.2458294776
18.9888059432	43.1267405105	977.85	-83.4151089636
18.9956098136	43.1342386442	978.85	-81.2782362553
19.0024153527	43.1417363747	979.85	-78.8353099151
19.0092225612	43.1492337018	980.85	-76.1002572967
19.0160314398	43.1567306253	981.85	-73.1008758726
19.0228419892	43.1642271449	982.85	-69.8785248217
19.0296542103	43.1717232605	983.85	-66.4874659782
19.0364681038	43.1792189719	984.85	-62.9938538171
19.0432836705	43.1867142788	985.85	-59.4743731778
19.050100911	43.194209181	986.85	-56.0145245717
19.0569198263	43.2017036784	987.85	-52.7065557478
19.0637404169	43.2091977707	988.85	-49.6470398284
19.0705626838	43.2166914577	989.85	-46.9340978667
19.0773866276	43.2241847393	990.85	-44.6642666122
19.0842122491	43.2316776151	991.85	-42.8349041518
19.0910395492	43.2391700851	992.85	-41.3703704547
19.0978685284	43.246662149	993.85	-40.279060512
19.1046991876	43.2541538066	994.85	-39.5616998567
19.1115315277	43.2616450576	995.85	-39.193579378
19.1183655492	43.269135902	996.85	-39.14586414
19.125201253	43.2766263394	997.85	-39.384273586
19.1320386399	43.2841163697	998.85	-39.8692033982
19.1388777106	43.2916059926	999.85	-40.5577485557
19.1457184659	43.299095208	1000.85	-41.405523451
19.1525609065	43.3065840157	1001.85	-42.3682786161
19.1594050332	43.3140724154	1002.85	-43.4033137124
19.1662508468	43.3215604069	1003.85	-44.4706863056
19.1730983481	43.32904799	1004.85	-45.5342160476
19.1799475377	43.3365351646	1005.85	-46.5622838216
19.1867984166	43.3440219304	1006.85	-47.5284255634
19.1936509854	43.3515082871	1007.85	-48.411720059
19.2005052448	43.3589942347	1008.85	-49.1969706593
19.2073611958	43.3664797729	1009.85	-49.8746802611
19.214218839	43.3739649014	1010.85	-50.4408191124
19.2210781752	43.3814496201	1011.85	-50.8963852441
19.2279392052	43.3889339288	1012.85	-51.2467568881
19.2348019297	43.3964178272	1013.85	-51.5008365674
19.2416663496	43.4039013152	1014.85	-51.6699864348
19.2485324655	43.4113843925	1015.85	-51.7717504327
19.2554002783	43.4188670589	1016.85	-51.8330292688
19.2622697887	43.4263493142	1017.85	-51.8956470787
19.2691409975	43.4338311583	1018.85	-51.974625734
19.2760139055	43.4413125908	1019.85	-52.0679494984
19.2828885135	43.4487936116	1020.85	-52.1742720133
19.2897648221	43.4562742205	1021.85	-52.2926540831
19.2966428322	43.4637544173	1022.85	-52.422330335
19.3035225446	43.4712342018	1023.85	-52.5625047877
19.31040396	43.4787135737	1024.85	-52.7121754169
19.3172870792	43.4861925328	1025.85	-52.8699877684
19.324171903	43.493671079	1026.85	-53.0341176713
19.33	43.5	1027.7	-53.1762115294
>  19.33, 43.50, -W1p,cyan
19.33	43.5	1027.7	-53.1762115294
19.3423975606	43.5000780898	1028.7	-53.2769432536
19.3547951529	43.5001548401	1029.7	-53.3630634346
19.3671927766	43.500230251	1030.7	-53.4393162833
19.3795904309	43.5003043225	1031.7	-53.5104328155
19.3919881153	43.5003770544	1032.7	-53.5811314268
19.4043858294	43.5004484469	1033.7	-53.6561184759
19.4167835725	43.5005184999	1034.7	-53.7342559743
19.4291813441	43.5005872135	1035.7	-53.785187708
19.4415791436	43.5006545875	1036.7	-53.8087995005
19.4539769705	43.500720622	1037.7	-53.8110083147
19.4663748243	43.5007853171	1038.7	-53.7977007871
19.4787727044	43.5008486726	1039.7	-53.7747347051
19.4911706102	43.5009106886	1040.7	-53.7479404965
19.5035685412	43.5009713651	1041.7	-53.7231227008
19.5159664968	43.501030702	1042.7	-53.7060614456
19.5283644766	43.5010886994	1043.7	-53.7025139263
19.5407624799	43.5011453573	1044.7	-53.7182158738
19.5531605061	43.5012006756	1045.7	-53.7588830262
19.5655585549	43.5012546544	1046.7	-53.8302126043
19.5779566255	43.5013072936	1047.7	-53.9379340125
19.5903547175	43.5013585933	1048.7	-54.0955241844
19.6027528302	43.5014085534	1049.7	-54.3031654937
19.6151509632	43.501457174	1050.7	-54.5505061841
19.6275491159	43.5015044549	1051.7	-54.827265817
19.6399472878	43.5015503963	1052.7	-55.1232311532
19.6523454782	43.5015949981	1053.7	-55.428252045
19.6647436867	43.5016382604	1054.7	-55.7322373158
19.6771419127	43.501680183	1055.7	-56.0251506494
19.6895401556	43.501720766	1056.7	-56.2970064368
19.7019384149	43.5017600095	1057.7	-56.5378656604
19.71433669	43.5017979133	1058.7	-56.7378317877
19.7267349805	43.5018344776	1059.7	-56.8870465793
19.7391332857	43.5018697022	1060.7	-56.9756860174
19.7515316051	43.5019035872	1061.7	-56.9967773585
19.7639299381	43.5019361326	1062.7	-56.9583842674
19.7763282842	43.5019673384	1063.7	-56.8689402916
19.7887266429	43.5019972046	1064.7	-56.7363899395
19.8011250135	43.5020257312	1065.7	-56.5686601778
19.8135233956	43.5020529181	1066.7	-56.3736614884
19.8259217886	43.5020787654	1067.7	-56.1592888974
19.8383201919	43.5021032731	1068.7	-55.9334230669
19.850718605	43.5021264411	1069.7	-55.7039313542
19.8631170274	43.5021482695	1070.7	-55.4786688498
19.8755154584	43.5021687583	1071.7	-55.2654794811
19.8879138976	43.5021879074	1072.7	-55.0721970726
19.9003123444	43.5022057169	1073.7	-54.9066464025
19.9127107982	43.5022221868	1074.7	-54.7766317369
19.9251092585	43.502237317	1075.7	-54.6856974357
19.9375077247	43.5022511076	1076.7	-54.6273254543
19.9499061964	43.5022635585	1077.7	-54.5935463004
19.9623046728	43.5022746698	1078.7	-54.5763730287
19.9747031536	43.5022844414	1079.7	-54.5678038596
19.9871016381	43.5022928734	1080.7	-54.5598247627
19.9995001258	43.5022999657	1081.7	-54.5444120674
20.0118986161	43.5023057184	1082.7	-54.513535051
20.0242971085	43.5023101315	1083.7	-54.4591585417
20.0366956025	43.5023132049	1084.7	-54.3732455091
20.0490940974	43.5023149386	1085.7	-54.2477596635
20.0614925928	43.5023153327	1086.7	-54.0746680524
20.073891088	43.5023143871	1087.7	-53.8459436514
20.0862895826	43.5023121019	1088.7	-53.5648748494
20.098688076	43.502308477	1089.7	-53.2514898518
20.1110865676	43.5023035125	1090.7	-52.9070080079
20.1234850569	43.5022972084	1091.7	-52.5319917017
20.1358835434	43.5022895645	1092.7	-52.127007219
20.1482820264	43.5022805811	1093.7	-51.6926258453
20.1606805055	43.502270258	1094.7	-51.2294248148
20.17307898	43.5022585952	1095.7	-50.7379884216
20.1854774495	43.5022455928	1096.7	-50.2189090318
20.1978759134	43.5022312508	1097.7	-49.6727881247
20.2102743711	43.5022155691	1098.7	-49.1002373238
20.222672822	43.5021985477	1099.7	-48.5018794556
20.2350712658	43.5021801868	1100.7	-47.8783495848
20.2474697017	43.5021604862	1101.7	-47.2263256686
20.2598681292	43.5021394459	1102.7	-46.5086340256
20.2722665478	43.502117066	1103.7	-45.7258959728
20.284664957	43.5020933465	1104.7	-44.8905667082
20.2970633561	43.5020682874	1105.7	-44.0151011254
20.3094617447	43.5020418886	1106.7	-43.1119526514
20.3218601221	43.5020141502	1107.7	-42.1935721914
20.3342584879	43.5019850722	1108.7	-41.2724069409
20.3466568414	43.5019546545	1109.7	-40.360899313
20.3590551822	43.5019228973	1110.7	-39.4714857965
20.3714535097	43.5018898004	1111.7	-38.6165958354
20.3838518233	43.5018553639	1112.7	-37.8086507303
20.3962501225	43.5018195878	1113.7	-37.0600624933
20.4086484067	43.5017824721	1114.7	-36.3832327464
20.4210466754	43.5017440168	1115.7	-35.8005461394
20.433444928	43.5017042219	1116.7	-35.3164505623
20.4458431641	43.5016630874	1117.7	-34.9117048091
20.4582413829	43.5016206133	1118.7	-34.5669585671
20.470639584	43.5015767997	1119.7	-34.2627858107
20.4830377669	43.5015316464	1120.7	-33.9796780191
20.4954359309	43.5014851536	1121.7	-33.698037316
20.5078340755	43.5014373211	1122.7	-33.3981696877
20.5202322003	43.5013881492	1123.7	-33.0602780822
20.5326303046	43.5013376376	1124.7	-32.6644556991
20.5450283878	43.5012857865	1125.7	-32.1906790329
20.5574264495	43.5012325958	1126.7	-31.6188011236
20.569824489	43.5011780656	1127.7	-30.9285446794
20.5822225059	43.5011221958	1128.7	-30.0887339173
20.5946204996	43.5010649865	1129.7	-29.043568741
20.6070184695	43.5010064377	1130.7	-27.8209736185
20.619416415	43.5009465493	1131.7	-26.4599546042
20.6318143358	43.5008853214	1132.7	-24.999635793
20.644212231	43.500822754	1133.7	-23.4792675596
20.6566101003	43.5007588471	1134.7	-21.9382344971
20.6690079431	43.5006936006	1135.7	-20.4160636233
20.6814057588	43.5006270147	1136.7	-18.9524324188
20.6938035469	43.5005590892	1137.7	-17.5871769443
20.7062013069	43.5004898243	1138.7	-16.3602999196
20.7185990381	43.5004192198	1139.7	-15.3119788507
20.73099674	43.500347276	1140.7	-14.4825740864
20.7433944121	43.5002739926	1141.7	-13.9122728747
20.7557920539	43.5001993697	1142.7	-13.586484518
20.7681896647	43.5001234075	1143.7	-13.4607032033
20.780587244	43.5000461057	1144.7	-13.5104449321
20.7929847914	43.4999674645	1145.7	-13.7112267489
20.8053823061	43.4998874839	1146.7	-14.0385664362
20.8177797877	43.4998061638	1147.7	-14.467982278
20.8301772357	43.4997235044	1148.7	-14.9749928333
20.8425746495	43.4996395055	1149.7	-15.5351166238
20.8549720284	43.4995541672	1150.7	-16.1238719379
20.8673693721	43.4994674895	1151.7	-16.7167765729
20.8797666799	43.4993794724	1152.7	-17.2893475544
20.8921639513	43.4992901159	1153.7	-17.8171009154
20.9045611857	43.4991994201	1154.7	-18.2755514426
20.9169583825	43.4991073849	1155.7	-18.693561026
20.9293555413	43.4990140103	1156.7	-19.2133563505
20.9417526615	43.4989192964	1157.7	-19.8199758587
20.9541497426	43.4988232431	1158.7	-20.4860604139
20.9665467839	43.4987258505	1159.7	-21.1841775308
20.9789437849	43.4986271186	1160.7	-21.8868184759
20.9913407451	43.4985270474	1161.7	-22.5663953687
21.003737664	43.4984256369	1162.7	-23.195238284
21.0161345409	43.498322887	1163.7	-23.7455923417
21.0285313754	43.4982187979	1164.7	-24.1896148505
21.0409281668	43.4981133695	1165.7	-24.4993723614
21.0533249147	43.4980066019	1166.7	-24.6468378112
21.0657216185	43.4978984949	1167.7	-24.6038876016
21.0781182776	43.4977890488	1168.7	-24.3365020154
21.0905148915	43.4976782634	1169.7	-23.7147144113
21.1029114596	43.4975661387	1170.7	-22.7481386963
21.1153079815	43.4974526749	1171.7	-21.5079250715
21.1277044564	43.4973378718	1172.7	-20.0652532171
21.140100884	43.4972217296	1173.7	-18.4913331266
21.1524972635	43.4971042481	1174.7	-16.8574061543
21.1648935946	43.4969854275	1175.7	-15.234745805
21.1772898766	43.4968652677	1176.7	-13.6946587775
21.189686109	43.4967437688	1177.7	-12.3084857916
21.2020822912	43.4966209307	1178.7	-11.1476025393
21.2144784228	43.4964967535	1179.7	-10.2834205522
21.226874503	43.4963712372	1180.7	-9.78738814722
21.2392705315	43.4962443817	1181.7	-9.73099126431
21.2516665076	43.4961161872	1182.7	-10.1747298162
21.2640624308	43.4959866536	1183.7	-11.0891535032
21.2764583005	43.4958557809	1184.7	-12.4016483299
21.2888541163	43.4957235691	1185.7	-14.0393213666
21.3012498775	43.4955900183	1186.7	-15.9292430187
21.3136455835	43.4954551285	1187.7	-17.9984462776
21.326041234	43.4953188996	1188.7	-20.1739259826
21.3384368282	43.4951813317	1189.7	-22.3826378906
21.3508323657	43.4950424248	1190.7	-24.5514980893
21.3632278458	43.494902179	1191.7	-26.6073821193
21.3756232681	43.4947605941	1192.7	-28.477124378
21.3880186321	43.4946176703	1193.7	-30.0875172822
21.400413937	43.4944734076	1194.7	-31.365310604
21.4128091825	43.4943278059	1195.7	-32.2606861833
21.425204368	43.4941808653	1196.7	-32.9479541664
21.4375994928	43.4940325857	1197.7	-33.4852190894
21.4499945565	43.4938829673	1198.7	-33.8810818578
21.4623895585	43.49373201	1199.7	-34.1441489168
21.4747844982	43.4935797139	1200.7	-34.2830324811
21.4871793752	43.4934260788	1201.7	-34.3063508436
21.4995741888	43.493271105	1202.7	-34.2227285717
21.5119689386	43.4931147923	1203.7	-34.0407968744
21.5243636239	43.4929571408	1204.7	-33.769193815
21.5367582442	43.4927981505	1205.7	-33.4165646282
21.549152799	43.4926378214	1206.7	-32.9915620031
21.5615472877	43.4924761535	1207.7	-32.5028463859
21.5739417097	43.4923131469	1208.7	-31.9590862711
21.5863360646	43.4921488016	1209.7	-31.2975634832
21.5987303517	43.4919831175	1210.7	-30.4574577466
21.6111245706	43.4918160948	1211.7	-29.4650095862
21.6235187207	43.4916477333	1212.7	-28.346607411
21.6359128013	43.4914780331	1213.7	-27.1287085927
21.6483068121	43.4913069943	1214.7	-25.8378406487
21.6607007523	43.4911346169	1215.7	-24.5006025346
21.6730946216	43.4909609008	1216.7	-23.1436657196
21.6854884192	43.4907858461	1217.7	-21.79377544
21.6978821448	43.4906094528	1218.7	-20.477751762
21.7102757977	43.4904317209	1219.7	-19.2224908085
21.7226693774	43.4902526504	1220.7	-18.0549658132
21.7350628833	43.4900722414	1221.7	-17.0022282498
21.74	43.49	1222.1	-16.6208648829
>  21.74, 43.49, -W1p,yellow
21.74	43.49	1222.1	-16.6208648829
21.7506105414	43.4946502488	1223.1	-15.5354493164
21.7612227168	43.4992995164	1224.1	-14.39734965
21.7718365265	43.5039478024	1225.1	-13.2294472874
21.7824519707	43.5085951064	1226.1	-12.052912652
21.7930690495	43.5132414283	1227.1	-10.8865285277
21.803687763	43.5178867677	1228.1	-9.7465824307
21.8143081115	43.5225311242	1229.1	-8.64684701161
21.8249300952	43.5271744976	1230.1	-7.59864854456
21.8355537141	43.5318168876	1231.1	-6.61102340696
21.8461789685	43.5364582937	1232.1	-5.69096243575
21.8568058585	43.5410987159	1233.1	-4.8437431926
21.8674343844	43.5457381536	1234.1	-4.07335008334
21.8780645462	43.5503766067	1235.1	-3.38298218406
21.8886963442	43.5550140747	1236.1	-2.77564882841
21.8993297785	43.5596505574	1237.1	-2.25485282319
21.9099648492	43.5642860545	1238.1	-1.82725142555
21.9206015567	43.5689205657	1239.1	-1.52555755886
21.9312399009	43.5735540906	1240.1	-1.33304548644
21.9418798822	43.578186629	1241.1	-1.22361656835
21.9525215006	43.5828181805	1242.1	-1.18134610698
21.9631647563	43.5874487448	1243.1	-1.19703216449
21.9738096495	43.5920783216	1244.1	-1.25955681281
21.9844561804	43.5967069106	1245.1	-1.36078516756
21.9951043491	43.6013345114	1246.1	-1.49472520362
22.0057541559	43.6059611239	1247.1	-1.65653661833
22.0164056007	43.6105867476	1248.1	-1.8416890434
22.027058684	43.6152113823	1249.1	-2.04518407057
22.0377134057	43.6198350275	1250.1	-2.26084105175
22.0483697661	43.6244576831	1251.1	-2.48064668145
22.0590277653	43.6290793488	1252.1	-2.69416828175
22.0696874035	43.6337000241	1253.1	-2.88803075951
22.0803486808	43.6383197088	1254.1	-3.05641423721
22.0910115975	43.6429384025	1255.1	-3.23115266524
22.1016761537	43.6475561051	1256.1	-3.41797916752
22.1123423495	43.6521728161	1257.1	-3.61706288982
22.1230101852	43.6567885352	1258.1	-3.82694933761
22.1336796608	43.6614032621	1259.1	-4.04520472398
22.1443507766	43.6660169966	1260.1	-4.2690088591
22.1550235327	43.6706297382	1261.1	-4.49569657516
22.1656979293	43.6752414867	1262.1	-4.72324779701
22.1763739665	43.6798522418	1263.1	-4.95072619127
22.1870516445	43.6844620032	1264.1	-5.17866649915
22.1977309635	43.6890707705	1265.1	-5.4094105528
22.2084119236	43.6936785434	1266.1	-5.64739203261
22.219094525	43.6982853217	1267.1	-5.89936997131
22.2297787678	43.702891105	1268.1	-6.17461103601
22.2404646523	43.7074958929	1269.1	-6.48499946566
22.2511521785	43.7120996853	1270.1	-6.82368623149
22.2618413467	43.7167024817	1271.1	-7.17692934431
22.2725321569	43.7213042819	1272.1	-7.54423333126
22.2832246094	43.7259050855	1273.1	-7.92435695437
22.2939187044	43.7305048922	1274.1	-8.31529914749
22.3046144419	43.7351037018	1275.1	-8.71431522143
22.3153118221	43.7397015139	1276.1	-9.11796333502
22.3260108452	43.7442983281	1277.1	-9.52218120084
22.3367115114	43.7488941442	1278.1	-9.92239300791
22.3474138209	43.7534889619	1279.1	-10.3161970548
22.3581177736	43.7580827808	1280.1	-10.7071294583
22.36882337	43.7626756007	1281.1	-11.0902088545
22.37953061	43.7672674212	1282.1	-11.4595882651
22.3902394938	43.771858242	1283.1	-11.8092863254
22.4009500217	43.7764480628	1284.1	-12.13313108
22.4116621937	43.7810368832	1285.1	-12.4277686753
22.4223760101	43.7856247031	1286.1	-12.7118472081
22.4330914709	43.7902115219	1287.1	-12.9958631278
22.4438085764	43.7947973396	1288.1	-13.2867019322
22.4545273267	43.7993821556	1289.1	-13.5902231224
22.4652477219	43.8039659697	1290.1	-13.9109144144
22.4759697622	43.8085487817	1291.1	-14.2515880667
22.4866934478	43.8131305911	1292.1	-14.6131192873
22.4974187788	43.8177113977	1293.1	-14.9942267023
22.5081457554	43.8222912011	1294.1	-15.3912948617
22.5188743777	43.8268700011	1295.1	-15.7982387394
22.5296046459	43.8314477973	1296.1	-16.206410213
22.5403365602	43.8360245894	1297.1	-16.6045464852
22.5510701206	43.8406003771	1298.1	-16.9787604149
22.5618053274	43.8451751601	1299.1	-17.3125727565
22.5725421807	43.849748938	1300.1	-17.586986226
22.5832806806	43.8543217106	1301.1	-17.7967315311
22.5940208273	43.8588934775	1302.1	-17.9420469922
22.604762621	43.8634642384	1303.1	-18.008996362
22.6155060619	43.8680339931	1304.1	-17.9869400432
22.62625115	43.8726027411	1305.1	-17.8686095695
22.6369978855	43.8771704822	1306.1	-17.6501168894
22.6477462686	43.8817372161	1307.1	-17.3309248124
22.6584962994	43.8863029424	1308.1	-16.9137786475
22.6692479781	43.8908676608	1309.1	-16.4045990416
22.6800013048	43.8954313711	1310.1	-15.8123360688
22.6907562797	43.8999940728	1311.1	-15.1487846016
22.7015129029	43.9045557657	1312.1	-14.4283609433
22.7122711746	43.9091164495	1313.1	-13.6678408185
22.7230310949	43.9136761239	1314.1	-12.8860587079
22.7337926641	43.9182347885	1315.1	-12.1030303535
22.7445558821	43.922792443	1316.1	-11.3172203539
22.7553207492	43.9273490871	1317.1	-10.4839900582
22.7660872656	43.9319047205	1318.1	-9.60056268615
22.7768554314	43.9364593429	1319.1	-8.67255447617
22.7876252466	43.9410129539	1320.1	-7.70507575343
22.7983967116	43.9455655533	1321.1	-6.70295321085
22.8091698263	43.9501171407	1322.1	-5.6709325822
22.8199445911	43.9546677158	1323.1	-4.6138614224
22.830721006	43.9592172783	1324.1	-3.53685230452
22.8414990711	43.9637658279	1325.1	-2.44542623446
22.8522787866	43.9683133642	1326.1	-1.34563641446
22.8630601528	43.972859887	1327.1	-0.244172283527
22.8738431696	43.977405396	1328.1	0.85155600514
22.88	43.98	1328.67	1.47142632358
