
>  9.98, 39.94, -W1p
9.98	39.94	0	74.3659280978
9.99172570582	39.9402292037	1	76.562210019
10.00345149	39.9404572262	2	78.7652702303
10.0151773521	39.9406840674	3	80.9728976185
10.0269032918	39.9409097275	4	83.1829216969
10.0386293086	39.9411342063	5	85.3932119789
10.0503554021	39.9413575039	6	87.6016774687
10.062081572	39.9415796201	7	89.8062660999
10.0738078178	39.9418005551	8	92.0049641135
10.0855341391	39.9420203088	9	94.1957955614
10.0972605356	39.9422388812	10	96.3811288512
10.1089870067	39.9424562722	11	98.5752391061
10.1207135522	39.9426724819	12	100.77657713
10.1324401716	39.9428875101	13	102.981940922
10.1441668645	39.943101357	14	105.188203594
10.1558936304	39.9433140225	15	107.39231241
10.1676204691	39.9435255066	16	109.591287903
10.1793473801	39.9437358092	17	111.782222823
10.191074363	39.9439449304	18	113.962281239
10.2028014173	39.9441528701	19	116.128697579
10.2145285428	39.9443596283	20	118.278775721
10.2262557389	39.944565205	21	120.409887921
10.2379830052	39.9447696002	22	122.519473956
10.2497103415	39.9449728138	23	124.605040173
10.2614377472	39.9451748459	24	126.670941771
10.273165222	39.9453756965	25	128.767672577
10.2848927654	39.9455753654	26	130.894817246
10.2966203771	39.9457738528	27	133.038640447
10.3083480566	39.9459711585	28	135.185479324
10.3200758036	39.9461672826	29	137.321742675
10.3318036176	39.9463622251	30	139.433910109
10.3435314983	39.9465559859	31	141.508531281
10.3552594452	39.9467485651	32	143.532224933
10.3669874579	39.9469399625	33	145.491678165
10.378715536	39.9471301783	34	147.373645446
10.3904436791	39.9473192124	35	149.164947838
10.4021718869	39.9475070647	36	150.852472081
10.4139001589	39.9476937352	37	152.423169632
10.4256284946	39.9478792241	38	153.865139364
10.4373568938	39.9480635311	39	155.197899677
10.449085356	39.9482466564	40	156.437489614
10.4608138807	39.9484285998	41	157.589556153
10.4725424677	39.9486093615	42	158.659642032
10.4842711164	39.9487889413	43	159.653187245
10.4959998265	39.9489673392	44	160.575530487
10.5077285976	39.9491445553	45	161.431910597
10.5194574292	39.9493205896	46	162.227468063
10.531186321	39.949495442	47	162.967246517
10.5429152726	39.9496691124	48	163.656194188
10.5546442835	39.949841601	49	164.299165365
10.5663733534	39.9500129076	50	164.900921983
10.5781024818	39.9501830323	51	165.466135032
10.5898316684	39.9503519751	52	165.999290201
10.6015609126	39.9505197358	53	166.441508392
10.6132902143	39.9506863147	54	166.754659068
10.6250195728	39.9508517115	55	166.960183299
10.6367489879	39.9510159263	56	167.079473549
10.6484784591	39.9511789591	57	167.133874198
10.660207986	39.9513408099	58	167.144682062
10.6719375682	39.9515014787	59	167.133146931
10.6836672053	39.9516609654	60	167.120472125
10.6953968969	39.95181927	61	167.127815052
10.7071266426	39.9519763926	62	167.176287801
10.718856442	39.9521323331	63	167.286957735
10.7305862946	39.9522870914	64	167.480848103
10.7423162002	39.9524406677	65	167.778938672
10.7540461582	39.9525930619	66	168.202166352
10.7657761683	39.9527442739	67	168.742567255
10.77750623	39.9528943038	68	169.355431484
10.789236343	39.9530431515	69	170.033818341
10.8009665069	39.953190817	70	170.77161089
10.8126967212	39.9533373004	71	171.562715422
10.8244269855	39.9534826016	72	172.401061182
10.8361572995	39.9536267206	73	173.280600095
10.8478876627	39.9537696573	74	174.195306449
10.8596180748	39.9539114119	75	175.139176638
10.8713485352	39.9540519842	76	176.106228806
10.8830790437	39.9541913743	77	177.09050261
10.8948095998	39.9543295821	78	178.086058838
10.9065402031	39.9544666076	79	179.086979129
10.9182708532	39.9546024509	80	180.087365637
10.9300015497	39.9547371119	81	181.102865865
10.9417322922	39.9548705906	82	182.194456785
10.9534630803	39.955002887	83	183.352371458
10.9651939136	39.955134001	84	184.561039741
10.9769247916	39.9552639328	85	185.804935519
10.988655714	39.9553926821	86	187.068575981
11.0003866804	39.9555202492	87	188.336520838
11.0121176904	39.9556466339	88	189.593371551
11.0238487434	39.9557718362	89	190.823770539
11.0355798393	39.9558958562	90	192.012400454
11.0473109775	39.9560186937	91	193.143983278
11.0590421576	39.9561403489	92	194.203279588
11.0707733793	39.9562608217	93	195.175087719
11.0825046421	39.956380112	94	196.044242914
11.0942359456	39.95649822	95	196.793791183
11.1059672894	39.9566151455	96	197.409123692
11.1176986731	39.9567308885	97	197.906394635
11.1294300964	39.9568454491	98	198.3056238
11.1411615587	39.9569588273	99	198.626805281
11.1528930598	39.957071023	100	198.889907927
11.1646245991	39.9571820362	101	199.114875765
11.1763561763	39.9572918669	102	199.321628466
11.1880877911	39.9574005151	103	199.530061805
11.1998194428	39.9575079809	104	199.760048125
11.2115511313	39.9576142641	105	200.031436846
11.223282856	39.9577193648	106	200.364054932
11.2350146166	39.957823283	107	200.777707417
11.2467464126	39.9579260186	108	201.292177903
11.2584782437	39.9580275717	109	201.925737137
11.2702101094	39.9581279423	110	202.663456663
11.2819420093	39.9582271303	111	203.486021742
11.2936739431	39.9583251357	112	204.380660642
11.3054059103	39.9584219586	113	205.3345924
11.3171379105	39.9585175988	114	206.335027159
11.3288699433	39.9586120565	115	207.369166469
11.3406020084	39.9587053317	116	208.424203614
11.3523341052	39.9587974242	117	209.487323878
11.3640662335	39.9588883341	118	210.545704915
11.3757983927	39.9589780613	119	211.586516979
11.3875305825	39.959066606	120	212.596923285
11.3992628025	39.959153968	121	213.564080283
11.4109950523	39.9592401474	122	214.475137949
11.4227273315	39.9593251442	123	215.317528777
11.4344596396	39.9594089583	124	216.115649682
11.4461919762	39.9594915898	125	216.891883528
11.4579243411	39.9595730386	126	217.646607854
11.4696567336	39.9596533047	127	218.380234641
11.4813891535	39.9597323881	128	219.093209334
11.4931216004	39.9598102889	129	219.78600973
11.5048540737	39.959887007	130	220.459144931
11.5165865732	39.9599625424	131	221.113154294
11.5283190984	39.9600368951	132	221.748606317
11.540051649	39.9601100651	133	222.366097585
11.5517842244	39.9601820524	134	222.966251651
11.5635168243	39.960252857	135	223.549717976
11.5752494483	39.9603224788	136	224.117170808
11.5869820961	39.960390918	137	224.669308064
11.598714767	39.9604581744	138	225.200003954
11.6104474609	39.960524248	139	225.701923776
11.6221801773	39.960589139	140	226.178111261
11.6339129157	39.9606528472	141	226.631672514
11.6456456757	39.9607153726	142	227.065710843
11.6573784571	39.9607767153	143	227.483326788
11.6691112592	39.9608368752	144	227.887618143
11.6808440819	39.9608958523	145	228.281679995
11.6925769245	39.9609536467	146	228.668604706
11.7043097868	39.9610102584	147	229.051481997
11.7160426683	39.9610656872	148	229.433398952
11.7277755686	39.9611199333	149	229.817440018
11.7395084874	39.9611729965	150	230.206687092
11.7512414241	39.961224877	151	230.604219483
11.7629743785	39.9612755747	152	231.004534393
11.77470735	39.9613250896	153	231.38849694
11.7864403384	39.9613734217	154	231.758844108
11.7981733431	39.961420571	155	232.119498885
11.8099063638	39.9614665375	156	232.474353639
11.8216394001	39.9615113211	157	232.82727172
11.8333724515	39.961554922	158	233.182089057
11.8451055177	39.96159734	159	233.542615827
11.8568385983	39.9616385752	160	233.912638044
11.8685716928	39.9616786276	161	234.295919213
11.8803048008	39.9617174972	162	234.696201971
11.892037922	39.9617551839	163	235.117209742
11.9037710559	39.9617916878	164	235.562648366
11.9155042021	39.9618270089	165	236.036207777
11.9272373603	39.9618611471	166	236.544935199
11.93897053	39.9618941025	167	237.104588251
11.9507037107	39.961925875	168	237.708834339
11.9624369022	39.9619564647	169	238.348492685
11.974170104	39.9619858715	170	239.01439565
11.9859033157	39.9620140955	171	239.697387904
11.9976365368	39.9620411366	172	240.388325557
12.009369767	39.9620669949	173	241.078075325
12.0211030059	39.9620916703	174	241.757513649
12.0328362531	39.9621151629	175	242.417525836
12.0445695081	39.9621374726	176	243.049005192
12.0563027706	39.9621585994	177	243.642852166
12.0680360401	39.9621785434	178	244.189973454
12.0797693163	39.9621973045	179	244.681281155
12.0915025987	39.9622148827	180	245.107718984
12.1032358869	39.9622312781	181	245.466205822
12.1149691806	39.9622464906	182	245.765019924
12.1267024793	39.9622605202	183	246.013637422
12.1384357826	39.9622733669	184	246.221540199
12.15016909	39.9622850308	185	246.398215045
12.1619024013	39.9622955118	186	246.553152826
12.173635716	39.9623048099	187	246.695847628
12.1853690337	39.9623129252	188	246.835795917
12.197102354	39.9623198576	189	246.982495711
12.2088356764	39.962325607	190	247.14544573
12.2205690006	39.9623301737	191	247.334144537
12.2323023262	39.9623335574	192	247.558089744
12.2440356527	39.9623357583	193	247.826777114
12.2557689798	39.9623367763	194	248.14975666
12.267502307	39.9623366114	195	248.534424174
12.279235634	39.9623352636	196	248.973854529
12.2909689603	39.9623327329	197	249.457496557
12.3027022855	39.9623290194	198	249.974796611
12.3144356093	39.962324123	199	250.515199134
12.3261689311	39.9623180437	200	251.068147168
12.3379022507	39.9623107815	201	251.623082944
12.3496355676	39.9623023365	202	252.169448392
12.3613688814	39.9622927086	203	252.69668572
12.3731021917	39.9622818978	204	253.194237949
12.384835498	39.9622699041	205	253.651549458
12.3965688001	39.9622567276	206	254.05806655
12.4083020974	39.9622423682	207	254.403237982
12.4200353896	39.9622268259	208	254.676515533
12.4317686762	39.9622101008	209	254.904237196
12.4435019569	39.9621921927	210	255.118361834
12.4552352313	39.9621731018	211	255.31375232
12.4669684989	39.9621528281	212	255.485267466
12.4787017593	39.9621313715	213	255.627769808
12.4904350122	39.962108732	214	255.736126339
12.5021682571	39.9620849097	215	255.805209248
12.5139014936	39.9620599045	216	255.829896672
12.5256347214	39.9620337164	217	255.805073424
12.5373679399	39.9620063455	218	255.725631744
12.5491011488	39.9619777917	219	255.586472033
12.5608343478	39.9619480551	220	255.382503597
12.5725675363	39.9619171356	221	255.108645391
12.5843007141	39.9618850333	222	254.759826748
12.5960338806	39.9618517482	223	254.295288579
12.6077670354	39.9618172802	224	253.655902147
12.6195001783	39.9617816293	225	252.86990428
12.6312333087	39.9617447957	226	251.96797375
12.6429664262	39.9617067792	227	250.980790684
12.6546995306	39.9616675798	228	249.939036523
12.6664326212	39.9616271977	229	248.87339404
12.6781656978	39.9615856327	230	247.814547205
12.6898987599	39.9615428849	231	246.79318121
12.7016318072	39.9614989542	232	245.83998237
12.7133648391	39.9614538408	233	244.985638106
12.7250978554	39.9614075445	234	244.260836829
12.7368308556	39.9613600655	235	243.696267926
12.7485638393	39.9613114036	236	243.322621658
12.7602968061	39.961261559	237	243.179511366
12.7720297556	39.9612105315	238	243.29994582
12.7837626874	39.9611583212	239	243.645484304
12.795495601	39.9611049282	240	244.172356432
12.8072284961	39.9610503524	241	244.836776549
12.8189613723	39.9609945938	242	245.594942735
12.8306942292	39.9609376524	243	246.403035836
12.8424270663	39.9608795283	244	247.217218486
12.8541598833	39.9608202213	245	247.993634184
12.8658926797	39.9607597317	246	248.688406289
12.8776254551	39.9606980592	247	249.257637139
12.8893582092	39.960635204	248	249.657407062
12.9010909415	39.9605711661	249	249.843773469
12.9128236516	39.9605059454	250	249.772769947
12.9245563391	39.960439542	251	249.409647592
12.9362890037	39.9603719558	252	248.80839111
12.9480216448	39.9603031869	253	248.006313198
12.9597542622	39.9602332353	254	247.028194278
12.9714868553	39.960162101	255	245.898825418
12.9832194238	39.960089784	256	244.643008787
12.9949519673	39.9600162842	257	243.2855582
13.0066844854	39.9599416018	258	241.851299582
13.0184169777	39.9598657367	259	240.365071509
13.0301494437	39.9597886888	260	238.851725692
13.041881883	39.9597104583	261	237.336127418
13.0536142954	39.9596310451	262	235.843156066
13.0653466802	39.9595504493	263	234.397705636
13.0770790373	39.9594686708	264	233.024685116
13.088811366	39.9593857096	265	231.74462258
13.1005436661	39.9593015657	266	230.476255438
13.1122759371	39.9592162393	267	229.185147877
13.1240081786	39.9591297301	268	227.877436397
13.1357403902	39.9590420384	269	226.559256762
13.1474725715	39.958953164	270	225.236744061
13.1592047222	39.958863107	271	223.916032586
13.1709368417	39.9587718674	272	222.603255883
13.1826689297	39.9586794452	273	221.304546633
13.1944009858	39.9585858404	274	220.026036662
13.2061330096	39.9584910529	275	218.773856901
13.2178650007	39.958395083	276	217.554137304
13.2295969586	39.9582979304	277	216.373006913
13.241328883	39.9581995952	278	215.236593691
13.2530607734	39.9581000775	279	214.15104166
13.2647926295	39.9579993773	280	213.125602986
13.2765244509	39.9578974945	281	212.158751604
13.288256237	39.9577944291	282	211.242133332
13.2999879877	39.9576901813	283	210.367379628
13.3117197023	39.9575847509	284	209.526107354
13.3234513806	39.957478138	285	208.709918237
13.335183022	39.9573703426	286	207.910398597
13.3469146263	39.9572613646	287	207.119118924
13.358646193	39.9571512042	288	206.327633507
13.3703777217	39.9570398613	289	205.527480113
13.382109212	39.956927336	290	204.710179576
13.3938406635	39.9568136282	291	203.86723549
13.4055720758	39.9566987379	292	202.990133822
13.4173034485	39.9565826652	293	202.070342564
13.4290347811	39.95646541	294	201.11342293
13.4407660733	39.9563469724	295	200.139340528
13.4524973247	39.9562273524	296	199.14951483
13.4642285348	39.95610655	297	198.145066277
13.4759597033	39.9559845651	298	197.127104611
13.4876908297	39.9558613979	299	196.096728566
13.4994219136	39.9557370483	300	195.05502563
13.5111529547	39.9556115163	301	194.003071695
13.5228839526	39.955484802	302	192.941930781
13.5346149067	39.9553569053	303	191.872654776
13.5463458168	39.9552278263	304	190.796283032
13.5580766824	39.9550975649	305	189.713842166
13.5698075031	39.9549661212	306	188.626345666
13.5815382785	39.9548334952	307	187.534793619
13.5932690082	39.9546996869	308	186.425777103
13.6049996919	39.9545646963	309	185.261175971
13.616730329	39.9544285234	310	184.049898493
13.6284609191	39.9542911682	311	182.804239899
13.640191462	39.9541526308	312	181.536563554
13.6519219571	39.9540129111	313	180.259302468
13.6636524042	39.9538720092	314	178.984960559
13.6753828026	39.953729925	315	177.726114193
13.6871131522	39.9535866586	316	176.495413396
13.6988434524	39.95344221	317	175.305583382
13.7105737028	39.9532965793	318	174.16942582
13.7223039031	39.9531497663	319	173.099820231
13.7340340528	39.9530017711	320	172.10972531
13.7457641515	39.9528525938	321	171.212180254
13.7574941989	39.9527022344	322	170.419682239
13.7692241945	39.9525506928	323	169.732085338
13.780954138	39.952397969	324	169.137483917
13.7926840288	39.9522440632	325	168.623514217
13.8044138667	39.9520889752	326	168.17778777
13.8161436511	39.9519327052	327	167.787891022
13.8278733818	39.951775253	328	167.441385037
13.8396030582	39.9516166188	329	167.12580513
13.8513326801	39.9514568026	330	166.828660583
13.8630622469	39.9512958043	331	166.537434357
13.8747917583	39.9511336239	332	166.239582762
13.8865212139	39.9509702616	333	165.922535187
13.8982506132	39.9508057172	334	165.573693879
13.9099799559	39.9506399908	335	165.180433618
13.9217092416	39.9504730825	336	164.735012001
13.9334384698	39.9503049921	337	164.301394028
13.9451676402	39.9501357199	338	163.895549638
13.9568967524	39.9499652656	339	163.507850839
13.9686258058	39.9497936295	340	163.12863459
13.9803548003	39.9496208114	341	162.748202433
13.9920837352	39.9494468114	342	162.356819987
14.0038126103	39.9492716295	343	161.944716501
14.0155414251	39.9490952658	344	161.502084422
14.0272701792	39.9489177202	345	161.019078989
14.0389988722	39.9487389927	346	160.485817777
14.0507275038	39.9485590834	347	159.892380278
14.0624560734	39.9483779922	348	159.228807562
14.0741845808	39.9481957193	349	158.485101779
14.0859130254	39.9480122646	350	157.651465181
14.0976414069	39.947827628	351	156.742791335
14.109369725	39.9476418097	352	155.774300519
14.1210979791	39.9474548097	353	154.748093233
14.1328261688	39.9472666279	354	153.666251015
14.1445542939	39.9470772644	355	152.530835977
14.1562823538	39.9468867192	356	151.343890479
14.1680103482	39.9466949922	357	150.107436632
14.1797382767	39.9465020836	358	148.823475838
14.1914661388	39.9463079934	359	147.493988425
14.2031939342	39.9461127214	360	146.120933174
14.2149216624	39.9459162679	361	144.706246783
14.226649323	39.9457186327	362	143.251843551
14.2383769157	39.9455198159	363	141.75961477
14.2501044401	39.9453198175	364	140.231428344
14.2618318956	39.9451186376	365	138.614869281
14.273559282	39.944916276	366	136.85373987
14.2852865988	39.944712733	367	134.974024786
14.2970138457	39.9445080084	368	133.002149254
14.3087410221	39.9443021023	369	130.964560037
14.3204681278	39.9440950146	370	128.887725369
14.3321951622	39.9438867455	371	126.798134947
14.3439221251	39.943677295	372	124.722299809
14.3556490159	39.943466663	373	122.686752377
14.3673758344	39.9432548495	374	120.718046177
14.37910258	39.9430418547	375	118.842755852
14.3908292525	39.9428276784	376	117.087476999
14.4025558513	39.9426123207	377	115.478826035
14.4142823761	39.9423957817	378	114.043439978
14.4260088265	39.9421780613	379	112.789823905
14.437735202	39.9419591596	380	111.676422223
14.4494615023	39.9417390766	381	110.686721678
14.461187727	39.9415178122	382	109.806271262
14.4729138756	39.9412953666	383	109.020672325
14.4846399478	39.9410717397	384	108.315579356
14.4963659431	39.9408469315	385	107.676700662
14.5080918612	39.9406209422	386	107.089799025
14.5198177016	39.9403937716	387	106.540692525
14.531543464	39.9401654198	388	106.015255106
14.54	39.94	388.721	105.64307865
>  14.54, 39.94, -W1p
14.54	39.94	388.721	105.64307865
14.5474440583	39.9469502267	389.721	104.301700219
14.5548896293	39.9538999773	390.721	103.002538173
14.5623367135	39.9608492515	391.721	101.737155543
14.5697853116	39.9677980491	392.721	100.496220365
14.577235424	39.9747463699	393.721	99.2696533532
14.5846870514	39.9816942136	394.721	98.0470148462
14.5921401943	39.9886415801	395.721	96.840939066
14.5995948534	39.9955884692	396.721	95.6578286757
14.6070510292	40.0025348805	397.721	94.4891586123
14.6145087222	40.009480814	398.721	93.3270871536
14.6219679331	40.0164262694	399.721	92.164613644
14.6294286625	40.0233712465	400.721	90.9957092132
14.6368909109	40.030315745	401.721	89.8154205974
14.6443546788	40.0372597648	402.721	88.6199469152
14.6518199669	40.0442033056	403.721	87.4066894872
14.6592867758	40.0511463672	404.721	86.174274545
14.666755106	40.0580889495	405.721	84.922548856
14.6742249582	40.0650310521	406.721	83.6525482334
14.6816963328	40.0719726749	407.721	82.3664388063
14.6891692304	40.0789138177	408.721	81.0674311224
14.6966436518	40.0858544802	409.721	79.7616650885
14.7041195973	40.0927946622	410.721	78.4744893725
14.7115970677	40.0997343635	411.721	77.2150054295
14.7190760634	40.106673584	412.721	75.9867633203
14.7265565851	40.1136123233	413.721	74.793418512
14.7340386334	40.1205505812	414.721	73.638618621
14.7415222088	40.1274883577	415.721	72.5258989584
14.7490073119	40.1344256523	416.721	71.4585869136
14.7564939433	40.141362465	417.721	70.4327853022
14.7639821036	40.1482987954	418.721	69.439421099
14.7714717933	40.1552346434	419.721	68.4828767145
14.7789630131	40.1621700088	420.721	67.5668066156
14.7864557635	40.1691048913	421.721	66.693555969
14.7939500451	40.1760392908	422.721	65.8639686418
14.8014458584	40.1829732069	423.721	65.0772433413
14.8089432042	40.1899066396	424.721	64.3308377598
14.8164420829	40.1968395885	425.721	63.6204210589
14.8239424951	40.2037720535	426.721	62.9398744523
14.8314444414	40.2107040343	427.721	62.2813402323
14.8389479224	40.2176355307	428.721	61.6353191217
14.8464529388	40.2245665426	429.721	60.9908161073
14.8539594909	40.2314970696	430.721	60.3355348433
14.8614675796	40.2384271116	431.721	59.6561205578
14.8689772052	40.2453566683	432.721	58.9384517354
14.8764883685	40.2522857396	433.721	58.1674912029
14.88400107	40.2592143251	434.721	57.3269723132
14.8915153102	40.2661424248	435.721	56.4154747203
14.8990310898	40.2730700383	436.721	55.4360464644
14.9065484094	40.2799971655	437.721	54.3932455118
14.9140672696	40.2869238061	438.721	53.2931586339
14.9215876708	40.29384996	439.721	52.1641992441
14.9291096138	40.3007756268	440.721	51.0846346163
14.936633099	40.3077008064	441.721	50.0588616583
14.9441581271	40.3146254986	442.721	49.0836925581
14.95	40.32	443.497	48.3592278921
>  14.95, 40.32, -W1p
14.95	40.32	443.497	48.3592278921
14.957532434	40.3269208768	444.497	47.464953394
14.9650664127	40.3338412649	445.497	46.6091717366
14.9726019369	40.3407611641	446.497	45.7864402812
14.980139007	40.3476805743	447.497	44.9908636847
14.9876776237	40.3545994951	448.497	44.2161520385
14.9952177876	40.3615179264	449.497	43.4556792483
15.0027594992	40.3684358679	450.497	42.7025421847
15.0103027591	40.3753533195	451.497	41.9496201958
15.0178475679	40.3822702808	452.497	41.189635292
15.0253939263	40.3891867518	453.497	40.4152126446
15.0329418347	40.3961027321	454.497	39.6189418551
15.0404912938	40.4030182215	455.497	38.7934385558
15.0480423041	40.4099332199	456.497	37.9314066072
15.0555948663	40.4168477269	457.497	37.0256662196
15.063148981	40.4237617425	458.497	36.0234063528
15.0707046487	40.4306752663	459.497	34.8785575687
15.0782618699	40.4375882981	460.497	33.5881128335
15.0858206454	40.4445008377	461.497	32.149427505
15.0933809757	40.451412885	462.497	30.5579875144
15.1009428614	40.4583244396	463.497	28.8395947841
15.108506303	40.4652355013	464.497	27.0258380241
15.1160713012	40.47214607	465.497	25.1471454242
15.1236378566	40.4790561454	466.497	23.2323735809
15.1312059697	40.4859657273	467.497	21.3084455027
15.1387756411	40.4928748154	468.497	19.400037882
15.1463468714	40.4997834095	469.497	17.529317688
15.1539196613	40.5066915095	470.497	15.7157281405
15.1614940112	40.5135991151	471.497	13.9758242455
15.1690699219	40.520506226	472.497	12.3231576265
15.1766473938	40.5274128421	473.497	10.7682112185
15.1842264276	40.5343189631	474.497	9.31838340767
15.1918070238	40.5412245889	475.497	7.97802206533
15.1993891832	40.5481297191	476.497	6.74850826942
15.2069729061	40.5550343535	477.497	5.62839005837
15.2145581933	40.561938492	478.497	4.61356590367
15.2221450454	40.5688421343	479.497	3.69751843612
15.2297334628	40.5757452802	480.497	2.87159814285
15.2373234463	40.5826479294	481.497	2.12535718239
15.2449149964	40.5895500818	482.497	1.47029194734
15.2525081137	40.5964517371	483.497	0.924507491042
15.2601027987	40.6033528951	484.497	0.448954576385
15.2676990522	40.6102535555	485.497	0.011672819604
15.2752968746	40.6171537182	486.497	-0.412958027782
15.2828962667	40.6240533829	487.497	-0.848068601552
15.2904972288	40.6309525494	488.497	-1.3137771196
15.2980997618	40.6378512175	489.497	-1.82675592914
15.3057038661	40.6447493869	490.497	-2.39988733193
15.3133095423	40.6516470575	491.497	-3.04200901558
15.3209167911	40.6585442289	492.497	-3.75774906158
15.328525613	40.665440901	493.497	-4.54745074286
15.3361360087	40.6723370736	494.497	-5.40718721446
15.3437479787	40.6792327464	495.497	-6.32886618707
15.3513615236	40.6861279192	496.497	-7.30042480119
15.358976644	40.6930225917	497.497	-8.30611472627
15.3665933405	40.6999167638	498.497	-9.32687769773
15.3742116137	40.7068104352	499.497	-10.3408115315
15.3818314643	40.7137036057	500.497	-11.3237268487
15.3894528927	40.7205962751	501.497	-12.2497945193
15.3970758997	40.7274884432	502.497	-13.0922840972
15.4047004857	40.7343801096	503.497	-13.8243931854
15.4123266514	40.7412712742	504.497	-14.4201680973
15.4199543974	40.7481619368	505.497	-14.8554063716
15.4275837243	40.7550520972	506.497	-15.1140086541
15.4352146326	40.761941755	507.497	-15.1991865342
15.442847123	40.7688309102	508.497	-15.1133374582
15.4504811961	40.7757195624	509.497	-14.8610738327
15.4581168525	40.7826077114	510.497	-14.4492261669
15.4657540927	40.7894953571	511.497	-13.8864502859
15.4733929174	40.7963824991	512.497	-13.1828636964
15.4810333272	40.8032691373	513.497	-12.3497110432
15.4886753226	40.8101552714	514.497	-11.3990588544
15.4963189043	40.8170409012	515.497	-10.3435194529
15.5039640728	40.8239260264	516.497	-9.19600422053
15.5116108288	40.830810647	517.497	-7.96950609425
15.5192591729	40.8376947625	518.497	-6.67691160482
15.5269091056	40.8445783728	519.497	-5.33084210392
15.5345606276	40.8514614777	520.497	-3.94352460032
15.5422137394	40.8583440769	521.497	-2.52669206644
15.5498684416	40.8652261703	522.497	-1.09151319893
15.557524735	40.8721077575	523.497	0.351448125104
15.5651826199	40.8789888383	524.497	1.79224385737
15.5728420972	40.8858694126	525.497	3.22152316121
15.5805031672	40.8927494801	526.497	4.63048391361
15.5881658308	40.8996290405	527.497	6.01917397422
15.5958300884	40.9065080937	528.497	7.39745287346
15.6034959406	40.9133866394	529.497	8.75221655673
15.6111633881	40.9202646773	530.497	10.0771063008
15.6188324314	40.9271422073	531.497	11.3978057512
15.6265030713	40.9340192292	532.497	12.7131210791
15.6341753081	40.9408957426	533.497	14.0167597377
15.6418491427	40.9477717474	534.497	15.3027854622
15.6495245755	40.9546472433	535.497	16.5656568908
15.6572016071	40.9615222301	536.497	17.8002651509
15.6648802383	40.9683967076	537.497	19.0019700732
15.6725604695	40.9752706756	538.497	20.1666350811
15.6802423013	40.9821441338	539.497	21.2906609121
15.6879257345	40.9890170819	540.497	22.3710180141
15.6956107695	40.9958895198	541.497	23.4052776135
15.703297407	41.0027614473	542.497	24.3916415865
15.7109856477	41.009632864	543.497	25.3289709715
15.7186754919	41.0165037698	544.497	26.216813223
15.7263669405	41.0233741644	545.497	27.0554282308
15.734059994	41.0302440476	546.497	27.8458129387
15.741754653	41.0371134192	547.497	28.5897247649
15.7494509181	41.043982279	548.497	29.2896555412
15.7571487899	41.0508506267	549.497	29.9359060777
15.764848269	41.057718462	550.497	30.5263611633
15.772549356	41.0645857848	551.497	31.072139195
15.7802520516	41.0714525948	552.497	31.5857069419
15.7879563563	41.0783188918	553.497	32.0807752276
15.7956622707	41.0851846756	554.497	32.5711942919
15.8033697955	41.0920499459	555.497	33.0528010385
15.8110789312	41.0989147025	556.497	33.5338969814
15.8187896784	41.1057789451	557.497	34.0298547607
15.8265020378	41.1126426736	558.497	34.5545694881
15.83421601	41.1195058876	559.497	35.1201125404
15.8419315956	41.1263685871	560.497	35.7364486159
15.8496487951	41.1332307717	561.497	36.4112159879
15.8573676092	41.1400924411	562.497	37.1495702157
15.8650880385	41.1469535953	563.497	37.9540912894
15.8728100836	41.1538142339	564.497	38.8247542748
15.8805337451	41.1606743567	565.497	39.7589636849
15.8882590236	41.1675339634	566.497	40.7516515218
15.8959859198	41.1743930539	567.497	41.7954391902
15.9037144341	41.1812516279	568.497	42.8808632349
15.9114445673	41.1881096852	569.497	43.996665205
15.91917632	41.1949672255	570.497	45.1317398761
15.9269096927	41.2018242487	571.497	46.2816140578
15.9346446861	41.2086807544	572.497	47.4324614538
15.9423813007	41.2155367424	573.497	48.5699943594
15.9501195372	41.2223922126	574.497	49.6815283444
15.9578593962	41.2292471646	575.497	50.7560751911
15.9656008783	41.2361015983	576.497	51.7843812703
15.9733439841	41.2429555133	577.497	52.7589110914
15.9810887142	41.2498089096	578.497	53.6737761111
15.9888350693	41.2566617868	579.497	54.5145078907
15.9965830498	41.2635141447	580.497	55.2721620035
16.0043326566	41.270365983	581.497	55.9533617989
16.0120838901	41.2772173016	582.497	56.5640300547
16.0198367509	41.2840681002	583.497	57.109033923
16.0275912397	41.2909183786	584.497	57.5919429884
16.0353473572	41.2977681364	585.497	58.0148740209
16.0431051038	41.3046173736	586.497	58.3784225343
16.0508644802	41.3114660899	587.497	58.6816813525
16.0586254871	41.3183142849	588.497	58.9223461787
16.0663881249	41.3251619586	589.497	59.0969083468
16.0741523945	41.3320091106	590.497	59.2009349613
16.0819182963	41.3388557408	591.497	59.2294365237
16.0896858309	41.3457018488	592.497	59.1806311548
16.0974549991	41.3525474345	593.497	59.0569026274
16.1052258013	41.3593924976	594.497	58.8606774938
16.1129982382	41.3662370378	595.497	58.5961379717
16.1207723105	41.373081055	596.497	58.2693720038
16.1285480187	41.3799245489	597.497	57.8884741032
16.1363253634	41.3867675193	598.497	57.463596849
16.14	41.39	598.969	57.2510101686
>  16.14, 41.39, -W1p
16.14	41.39	598.969	57.2510101686
16.1501759049	41.394753998	599.969	56.794848777
16.1603532982	41.3995070994	600.969	56.2983016047
16.1705321801	41.4042593038	601.969	55.7771748197
16.1807125509	41.4090106111	602.969	55.2483419932
16.1908944107	41.4137610209	603.969	54.7294756935
16.2010777596	41.418510533	604.969	54.2361348549
16.2112625979	41.423259147	605.969	53.7574488173
16.2214489257	41.4280068628	606.969	53.3046006361
16.2316367433	41.4327536799	607.969	52.8958475127
16.2418260508	41.4374995982	608.969	52.5475005229
16.2520168484	41.4422446173	609.969	52.2697246922
16.2622091363	41.446988737	610.969	52.0341808584
16.2724029147	41.451731957	611.969	51.8462500733
16.2825981837	41.4564742769	612.969	51.721912556
16.2927949435	41.4612156966	613.969	51.6752295891
16.3029931944	41.4659562158	614.969	51.7180131563
16.3131929365	41.4706958341	615.969	51.8595491885
16.32339417	41.4754345512	616.969	52.1063743975
16.3335968951	41.480172367	617.969	52.4621066854
16.3438011119	41.4849092811	618.969	52.9273290467
16.3540068206	41.4896452932	619.969	53.4995270318
16.3642140215	41.494380403	620.969	54.1730796768
16.3744227147	41.4991146103	621.969	54.9393039017
16.3846329003	41.5038479148	622.969	55.7865523249
16.3948445786	41.5085803162	623.969	56.7003645229
16.4050577498	41.5133118142	624.969	57.6636716533
16.415272414	41.5180424085	625.969	58.6571272381
16.4254885714	41.5227720989	626.969	59.6885275694
16.4357062222	41.5275008851	627.969	60.7623939927
16.4459253666	41.5322287667	628.969	61.8615096836
16.4561460048	41.5369557436	629.969	62.9698016637
16.4663681368	41.5416818154	630.969	64.0724343253
16.476591763	41.5464069818	631.969	65.1558697107
16.4868168835	41.5511312425	632.969	66.2078942601
16.4970434985	41.5558545974	633.969	67.2176122602
16.5072716081	41.560577046	634.969	68.1754057983
16.5175012125	41.5652985882	635.969	69.0728615456
16.527732312	41.5700192235	636.969	69.9026640079
16.5379649067	41.5747389519	637.969	70.6584556218
16.5481989967	41.5794577728	638.969	71.3346633715
16.5584345823	41.5841756862	639.969	71.9264998428
16.5686716636	41.5888926916	640.969	72.4428198505
16.5789102408	41.5936087889	641.969	72.8893061462
16.5891503142	41.5983239776	642.969	73.271666389
16.5993918838	41.6030382576	643.969	73.6060430814
16.6096349498	41.6077516286	644.969	73.8949199062
16.6198795125	41.6124640903	645.969	74.1405185438
16.6301255719	41.6171756423	646.969	74.3453035496
16.6403731284	41.6218862845	647.969	74.5119335742
16.650622182	41.6265960164	648.969	74.643211331
16.6608727329	41.6313048379	649.969	74.7420324061
16.6711247813	41.6360127487	650.969	74.8113328169
16.6813783275	41.6407197485	651.969	74.8540353853
16.6916333714	41.6454258369	652.969	74.8729949006
16.7018899135	41.6501310137	653.969	74.8709420743
16.7121479537	41.6548352787	654.969	74.8504262936
16.7224074924	41.6595386315	655.969	74.8137571542
16.7326685296	41.6642410719	656.969	74.7629448169
16.7429310655	41.6689425995	657.969	74.6996391309
16.7531951004	41.6736432141	658.969	74.6226666409
16.7634606344	41.6783429154	659.969	74.5259837341
16.7737276676	41.6830417031	660.969	74.4203560776
16.7839962003	41.687739577	661.969	74.3167573436
16.7942662326	41.6924365367	662.969	74.2241172802
16.8045377647	41.697132582	663.969	74.1492821534
16.8148107968	41.7018277125	664.969	74.0970173934
16.825085329	41.7065219281	665.969	74.0700524739
16.8353613615	41.7112152283	666.969	74.069167911
16.8456388946	41.715907613	667.969	74.0933244913
16.8559179283	41.7205990818	668.969	74.1398345709
16.8661984628	41.7252896345	669.969	74.2045755275
16.8764804983	41.7299792708	670.969	74.2822452759
16.8867640351	41.7346679903	671.969	74.3666598621
16.8970490731	41.7393557928	672.969	74.4510931303
16.9073356128	41.7440426781	673.969	74.5286583596
16.9176236541	41.7487286458	674.969	74.5913711551
16.9279131973	41.7534136956	675.969	74.6227817884
16.9382042425	41.7580978273	676.969	74.6318276261
16.94849679	41.7627810406	677.969	74.6217153858
16.9587908398	41.7674633351	678.969	74.5951636728
16.9690863922	41.7721447107	679.969	74.5552106278
16.9793834474	41.776825167	680.969	74.5051334488
16.9896820054	41.7815047037	681.969	74.4483716457
16.9999820666	41.7861833206	682.969	74.3884539526
17.0102836309	41.7908610174	683.969	74.3289289579
17.0205866987	41.7955377937	684.969	74.2732993874
17.0308912701	41.8002136493	685.969	74.2249601282
17.0411973453	41.8048885839	686.969	74.1871398861
17.0515049243	41.8095625973	687.969	74.1628465597
17.0618140075	41.814235689	688.969	74.1548162585
17.0721245949	41.818907859	689.969	74.1654660671
17.0824366868	41.8235791068	690.969	74.1963338012
17.0927502833	41.8282494321	691.969	74.2308215758
17.1030653846	41.8329188348	692.969	74.2630129042
17.1133819908	41.8375873145	693.969	74.296327013
17.1237001021	41.8422548709	694.969	74.333657339
17.1340197187	41.8469215037	695.969	74.3772986242
17.1443408408	41.8515872127	696.969	74.4288855934
17.1546634684	41.8562519975	697.969	74.4893431946
17.1649876019	41.8609158579	698.969	74.5588484173
17.1753132413	41.8655787936	699.969	74.6368036604
17.1856403869	41.8702408044	700.969	74.7218216573
17.1959690387	41.8749018898	701.969	74.8117219399
17.206299197	41.8795620496	702.969	74.9035388596
17.2166308619	41.8842212837	703.969	74.9935411249
17.2269640336	41.8888795915	704.969	75.0772628675
17.2372987122	41.8935369729	705.969	75.1495462439
17.247634898	41.8981934277	706.969	75.20464103
17.2579725911	41.9028489554	707.969	75.2462532875
17.2683117916	41.9075035558	708.969	75.2729053326
17.2786524998	41.9121572287	709.969	75.2753512708
17.2889947157	41.9168099737	710.969	75.2456620047
17.2993384396	41.9214617905	711.969	75.1812578604
17.3096836716	41.9261126789	712.969	75.0791485289
17.3200304119	41.9307626386	713.969	74.9317917361
17.3303786606	41.9354116693	714.969	74.7325208866
17.340728418	41.9400597706	715.969	74.4757067352
17.3510796841	41.9447069424	716.969	74.1568969118
17.3614324591	41.9493531843	717.969	73.7729349842
17.3717867433	41.9539984961	718.969	73.3220589451
17.3821425368	41.9586428774	719.969	72.8039792637
17.3924998396	41.963286328	720.969	72.2199363896
17.4028586521	41.9679288475	721.969	71.5727378405
17.4132189743	41.9725704358	722.969	70.8667747595
17.4235808065	41.9772110924	723.969	70.1099445107
17.4339441487	41.9818508172	724.969	69.304016514
17.4443090012	41.9864896098	725.969	68.4456989394
17.4546753641	41.9911274699	726.969	67.5326425644
17.4650432376	41.9957643973	727.969	66.5635239441
17.4754126218	42.0004003917	728.969	65.5381020591
17.4857835169	42.0050354527	729.969	64.4572491393
17.496155923	42.0096695802	730.969	63.3229556583
17.5065298404	42.0143027737	731.969	62.1383097303
17.5169052691	42.018935033	732.969	60.907450564
17.5272822094	42.0235663579	733.969	59.6354963098
17.5376606614	42.028196748	734.969	58.3284462262
17.5480406253	42.0328262031	735.969	56.9930570069
17.5584221012	42.0374547228	736.969	55.6366935916
17.5688050893	42.0420823069	737.969	54.2671541443
17.5791895897	42.046708955	738.969	52.8924695472
17.5895756026	42.051334667	739.969	51.5226892763
17.5999631282	42.0559594425	740.969	50.1670555465
17.6103521666	42.0605832812	741.969	48.830656674
17.620742718	42.0652061828	742.969	47.5173368906
17.6311347825	42.0698281471	743.969	46.2297410115
17.6415283603	42.0744491737	744.969	44.9693720439
17.6519234516	42.0790692624	745.969	43.7366702457
17.6623200565	42.0836884129	746.969	42.5311088386
17.6727181752	42.0883066249	747.969	41.3400634134
17.6831178078	42.092923898	748.969	40.1512554946
17.6935189545	42.0975402321	749.969	38.9624051166
17.7039216155	42.1021556268	750.969	37.7710258421
17.7143257908	42.1067700819	751.969	36.5745739267
17.7247314807	42.1113835969	752.969	35.3705813741
17.7351386854	42.1159961718	753.969	34.1567726285
17.7455474049	42.1206078061	754.969	32.9311653122
17.7559576395	42.1252184995	755.969	31.6990635697
17.7663693892	42.1298282519	756.969	30.4674328073
17.7767826543	42.1344370629	757.969	29.2340056834
17.7871974349	42.1390449321	758.969	27.9965200396
17.7976137311	42.1436518594	759.969	26.7528077407
17.8080315432	42.1482578444	760.969	25.5008424659
17.8184508712	42.1528628869	761.969	24.2387822502
17.8288717154	42.1574669865	762.969	22.9650069541
17.8392940758	42.162070143	763.969	21.6781505631
17.8497179527	42.166672356	764.969	20.3771283996
17.8601433462	42.1712736254	765.969	19.0611591529
17.8705702564	42.1758739507	766.969	17.7297819123
17.8809986835	42.1804733317	767.969	16.3828678945
17.8914286276	42.1850717682	768.969	15.0206272156
17.901860089	42.1896692598	769.969	13.6436105034
17.9122930677	42.1942658062	770.969	12.2527053893
17.9227275639	42.1988614071	771.969	10.8508251227
17.9331635778	42.2034560623	772.969	9.44038079155
17.9436011095	42.2080497715	773.969	8.02113448956
17.9540401592	42.2126425343	774.969	6.59264983024
17.964480727	42.2172343506	775.969	5.15435469466
17.974922813	42.2218252199	776.969	3.70561636597
17.9853664175	42.226415142	777.969	2.24583156963
17.9958115406	42.2310041167	778.969	0.774531787045
18.0062581824	42.2355921435	779.969	-0.708496398166
18.0167063431	42.2401792223	780.969	-2.20307600579
18.0271560228	42.2447653528	781.969	-3.70848910681
18.0376072217	42.2493505346	782.969	-5.2233113453
18.04805994	42.2539347674	783.969	-6.74829407806
18.0585141777	42.2585180511	784.969	-8.28592833184
18.068969935	42.2631003852	785.969	-9.8307301818
18.0794272122	42.2676817695	786.969	-11.3754931084
18.0898860093	42.2722622037	787.969	-12.9031055041
18.1003463264	42.2768416875	788.969	-14.402782105
18.1108081638	42.2814202206	789.969	-15.8735343529
18.1212715216	42.2859978028	790.969	-17.3136581893
18.1317363999	42.2905744337	791.969	-18.720645531
18.1422027989	42.295150113	792.969	-20.0911199296
18.1526707187	42.2997248405	793.969	-21.420796273
18.1631401595	42.3042986159	794.969	-22.704464588
18.1736111215	42.3088714388	795.969	-23.9359979182
18.1840836047	42.313443309	796.969	-25.1083842784
18.1945576093	42.3180142262	797.969	-26.2137826381
18.2050331355	42.3225841901	798.969	-27.2436029231
18.2155101834	42.3271532004	799.969	-28.1886100274
18.2259887532	42.3317212568	800.969	-29.039051837
18.236468845	42.3362883591	801.969	-29.7848112081
18.2469504589	42.3408545069	802.969	-30.4154464467
18.2574335952	42.3454196999	803.969	-30.9081900278
18.2679182539	42.3499839379	804.969	-31.2372718471
18.2784044352	42.3545472205	805.969	-31.3873934197
18.2888921392	42.3591095475	806.969	-31.3502792921
18.2993813662	42.3636709186	807.969	-31.1247170691
18.3098721162	42.3682313334	808.969	-30.716481045
18.3203643893	42.3727907918	809.969	-30.1381394927
18.3308581858	42.3773492933	810.969	-29.4087457829
18.3413535057	42.3819068378	811.969	-28.553413248
18.3518503493	42.3864634249	812.969	-27.6027740724
18.36	42.39	813.745	-26.8215853214
>  18.36, 42.39, -W1p
18.36	42.39	813.745	-26.8215853214
18.3665031628	42.3976033648	814.745	-25.6244337816
18.3730079016	42.405206362	815.745	-24.5049897552
18.3795142172	42.4128089914	816.745	-23.5187223859
18.3860221103	42.4204112528	817.745	-22.7065515953
18.3925315817	42.428013146	818.745	-21.9959064361
18.399042632	42.4356146709	819.745	-21.3883659672
18.4055552621	42.4432158271	820.745	-20.902852192
18.4120694725	42.4508166146	821.745	-20.5530769843
18.4185852641	42.4584170332	822.745	-20.3300155858
18.4251026376	42.4660170827	823.745	-20.2174288265
18.4316215937	42.4736167628	824.745	-20.2121624354
18.4381421332	42.4812160734	825.745	-20.3099310676
18.4446642567	42.4888150144	826.745	-20.5057505735
18.451187965	42.4964135854	827.745	-20.7943163078
18.4577132589	42.5040117864	828.745	-21.1703274548
18.4642401389	42.5116096171	829.745	-21.6287571415
18.470768606	42.5192070774	830.745	-22.1650683374
18.4772986608	42.5268041671	831.745	-22.7753753527
18.4838303041	42.5344008859	832.745	-23.4565508538
18.4903635365	42.5419972337	833.745	-24.2062783221
18.4968983589	42.5495932104	834.745	-25.0230497611
18.5034347719	42.5571888156	835.745	-25.9061085657
18.5099727763	42.5647840493	836.745	-26.8553375716
18.5165123728	42.5723789111	837.745	-27.8710918958
18.5230535621	42.5799734011	838.745	-28.9539768185
18.5295963451	42.5875675188	839.745	-30.1200032025
18.5361407223	42.5951612643	840.745	-31.4550236128
18.5426866946	42.6027546372	841.745	-32.9663421256
18.5492342627	42.6103476374	842.745	-34.6453032605
18.5557834273	42.6179402647	843.745	-36.4812535864
18.5623341891	42.6255325189	844.745	-38.4614674421
18.568886549	42.6331243998	845.745	-40.5711275803
18.5754405076	42.6407159072	846.745	-42.7933608089
18.5819960656	42.648307041	847.745	-45.1103366871
18.5885532239	42.6558978009	848.745	-47.5093579791
18.595111983	42.6634881867	849.745	-49.9762261792
18.6016723439	42.6710781983	850.745	-52.4955122591
18.6082343072	42.6786678355	851.745	-55.0510071316
18.6147978736	42.686257098	852.745	-57.6257307547
18.6213630439	42.6938459858	853.745	-60.201981655
18.6279298189	42.7014344985	854.745	-62.7614265845
18.6344981992	42.7090226361	855.745	-65.2852310697
18.6410681857	42.7166103982	856.745	-67.7542302135
18.6476397789	42.7241977848	857.745	-70.1491404669
18.6542129798	42.7317847956	858.745	-72.4508119441
18.660787789	42.7393714304	859.745	-74.6405216832
18.6673642073	42.7469576891	860.745	-76.7003078751
18.6739422354	42.7545435715	861.745	-78.6357313689
18.6805218741	42.7621290773	862.745	-80.5392444597
18.687103124	42.7697142063	863.745	-82.4054469437
18.693685986	42.7772989585	864.745	-84.2143514544
18.7002704608	42.7848833335	865.745	-85.9466623405
18.7068565491	42.7924673312	866.745	-87.584008017
18.7134442517	42.8000509515	867.745	-89.109164333
18.7200335693	42.807634194	868.745	-90.5062691327
18.7266245027	42.8152170586	869.745	-91.7610281639
18.7332170525	42.8227995452	870.745	-92.860911979
18.7398112197	42.8303816535	871.745	-93.7953440115
18.7464070048	42.8379633833	872.745	-94.5550355697
18.7530044086	42.8455447344	873.745	-95.1123637837
18.759603432	42.8531257068	874.745	-95.4546909367
18.7662040755	42.8607063	875.745	-95.5837452005
18.7728063401	42.868286514	876.745	-95.5066957245
18.7794102264	42.8758663486	877.745	-95.2361013088
18.7860157351	42.8834458036	878.745	-94.789735218
18.7926228671	42.8910248787	879.745	-94.1902858881
18.7992316231	42.8986035738	880.745	-93.4649333674
18.8058420038	42.9061818887	881.745	-92.6448010483
18.8124540099	42.9137598233	882.745	-91.7642825769
18.8190676423	42.9213373772	883.745	-90.8519644814
18.8256829016	42.9289145503	884.745	-89.9155314963
18.8322997887	42.9364913424	885.745	-89.0045467802
18.8389183042	42.9440677533	886.745	-88.1674397707
18.845538449	42.9516437829	887.745	-87.4448533688
18.8521602237	42.9592194309	888.745	-86.8688070342
18.8587836291	42.9667946971	889.745	-86.4620519604
18.865408666	42.9743695814	890.745	-86.237618961
18.8720353352	42.9819440835	891.745	-86.198559323
18.8786636373	42.9895182032	892.745	-86.3378790994
18.8852935731	42.9970919404	893.745	-86.6386671711
18.8919251435	43.0046652948	894.745	-87.0744175248
18.8985583491	43.0122382663	895.745	-87.6095461901
18.9051931906	43.0198108547	896.745	-88.2001030977
18.911829669	43.0273830597	897.745	-88.7945216772
18.9184677848	43.0349548812	898.745	-89.30913122
18.9251075389	43.042526319	899.745	-89.679491428
18.931748932	43.0500973729	900.745	-89.8704051669
18.9383919648	43.0576680426	901.745	-89.8523899181
18.9450366382	43.065238328	902.745	-89.6024524994
18.9516829529	43.0728082289	903.745	-89.1046790827
18.9583309096	43.0803777451	904.745	-88.3506400909
18.9649805091	43.0879468764	905.745	-87.3646541505
18.9716317522	43.0955156226	906.745	-86.2479544944
18.9782846395	43.1030839835	907.745	-84.9657292482
18.984939172	43.1106519588	908.745	-83.4742146795
18.9915953502	43.1182195485	909.745	-81.7406321444
18.9982531751	43.1257867523	910.745	-79.74435556
19.0049126473	43.13335357	911.745	-77.4777450136
19.0115737676	43.1409200014	912.745	-74.9466445483
19.0182365367	43.1484860464	913.745	-72.1705443199
19.0249009555	43.1560517046	914.745	-69.1824058683
19.0315670247	43.163616976	915.745	-66.0281503337
19.0382347451	43.1711818603	916.745	-62.7658083467
19.0449041173	43.1787463573	917.745	-59.4643314167
19.0515751422	43.1863104668	918.745	-56.2020635538
19.0582478206	43.1938741886	919.745	-53.0648731372
19.0649221531	43.2014375226	920.745	-50.1439437793
19.0715981406	43.2090004685	921.745	-47.533223507
19.0782757839	43.2165630261	922.745	-45.3259837394
19.0849550836	43.2241251953	923.745	-43.4970389991
19.0916360405	43.2316869758	924.745	-41.9965384101
19.0983186555	43.2392483674	925.745	-40.8360998316
19.1050029293	43.2468093699	926.745	-40.0225232013
19.1116888626	43.2543699832	927.745	-39.5546432143
19.1183764562	43.261930207	928.745	-39.4051682252
19.1250657109	43.2694900412	929.745	-39.5432859749
19.1317566275	43.2770494854	930.745	-39.9337876504
19.1384492066	43.2846085396	931.745	-40.5372311852
19.1451434492	43.2921672036	932.745	-41.3118028282
19.1518393558	43.299725477	933.745	-42.2149828559
19.1585369274	43.3072833598	934.745	-43.2050154345
19.1652361647	43.3148408518	935.745	-44.2421817793
19.1719370684	43.3223979526	936.745	-45.2898765538
19.1786396393	43.3299546622	937.745	-46.3154869599
19.1853438782	43.3375109803	938.745	-47.2910740726
19.1920497859	43.3450669068	939.745	-48.1938560811
19.1987573631	43.3526224413	940.745	-49.0064929809
19.2054666106	43.3601775838	941.745	-49.7171723677
19.2121775292	43.367732334	942.745	-50.3194958323
19.2188901196	43.3752866918	943.745	-50.812165597
19.2256043826	43.3828406569	944.745	-51.1984710016
19.232320319	43.390394229	945.745	-51.4855743617
19.2390379295	43.3979474081	946.745	-51.6835958163
19.245757215	43.405500194	947.745	-51.8052568904
19.2524781762	43.4130525863	948.745	-51.8786279504
19.2592008138	43.4206045849	949.745	-51.9195064348
19.2659251287	43.4281561897	950.745	-51.9722091074
19.2726511216	43.4357074004	951.745	-52.0429887553
19.2793787933	43.4432582167	952.745	-52.129947766
19.2861081445	43.4508086386	953.745	-52.2317234011
19.2928391761	43.4583586658	954.745	-52.347245728
19.2995718889	43.4659082981	955.745	-52.4755233717
19.3063062835	43.4734575352	956.745	-52.6154571819
19.3130423608	43.4810063771	957.745	-52.7656818697
19.3197801215	43.4885548234	958.745	-52.9244356397
19.3265195664	43.496102874	959.745	-53.0894579229
19.33	43.5	960.261	-53.1762115294
>  19.33, 43.50, -W1p
19.33	43.5	960.261	-53.1762115294
19.3423975695	43.5000773352	961.261	-53.2769320535
19.3547951705	43.5001533309	962.261	-53.3630404371
19.3671928024	43.5002279871	963.261	-53.4392810442
19.3795904647	43.5003013039	964.261	-53.5103851882
19.3919881568	43.5003732813	965.261	-53.5810716991
19.4043858782	43.5004439191	966.261	-53.6560474992
19.4167836284	43.5005132175	967.261	-53.7341747666
19.4291814067	43.5005811764	968.261	-53.7850949655
19.4415792126	43.5006477958	969.261	-53.8086935462
19.4539770457	43.5007130757	970.261	-53.8108877315
19.4663749053	43.5007770161	971.261	-53.7975647478
19.4787727909	43.5008396169	972.261	-53.7745833049
19.4911707019	43.5009008783	973.261	-53.7477750828
19.5035686378	43.5009608001	974.261	-53.7229461966
19.515966598	43.5010193824	975.261	-53.705878685
19.528364582	43.5010766252	976.261	-53.7023319777
19.5407625892	43.5011325284	977.261	-53.718044368
19.5531606192	43.5011870921	978.261	-53.7587344895
19.5655586712	43.5012403162	979.261	-53.830102778
19.5779567449	43.5012922008	980.261	-53.9378822367
19.5903548396	43.5013427458	981.261	-54.0955604336
19.6027529547	43.5013919513	982.261	-54.3033250566
19.6151510898	43.5014398171	983.261	-54.5508226377
19.6275492443	43.5014863434	984.261	-54.8277700829
19.6399474176	43.5015315302	985.261	-55.1239505672
19.6523456092	43.5015753773	986.261	-55.4292094322
19.6647438186	43.5016178849	987.261	-55.7334500392
19.6771420451	43.5016590529	988.261	-56.0266296694
19.6895402882	43.5016988813	989.261	-56.2987553911
19.7019385475	43.5017373701	990.261	-56.5398799307
19.7143368222	43.5017745193	991.261	-56.7400975302
19.726735112	43.5018103288	992.261	-56.8895398395
19.7391334162	43.5018447988	993.261	-56.9783717214
19.7515317342	43.5018779292	994.261	-56.9996145116
19.7639300656	43.5019097199	995.261	-56.961345601
19.7763284098	43.5019401711	996.261	-56.8719996026
19.7887267662	43.5019692826	997.261	-56.7395208843
19.8011251343	43.5019970545	998.261	-56.5718364807
19.8135235135	43.5020234868	999.261	-56.3768571929
19.8259219033	43.5020485794	1000.26	-56.1624786417
19.8383203032	43.5020723325	1001.26	-55.9365822859
19.8507187125	43.5020947459	1002.26	-55.7070365639
19.8631171307	43.5021158196	1003.26	-55.4816978886
19.8755155574	43.5021355537	1004.26	-55.2684117306
19.8879139918	43.5021539482	1005.26	-55.0750137176
19.9003124336	43.5021710031	1006.26	-54.9093306826
19.912710882	43.5021867183	1007.26	-54.7791681213
19.9251093367	43.5022010939	1008.26	-54.6880440861
19.937507797	43.5022141298	1009.26	-54.6294315994
19.9499062623	43.5022258261	1010.26	-54.5953659977
19.9623047322	43.5022361827	1011.26	-54.5778657683
19.9747032061	43.5022451997	1012.26	-54.5689351302
19.9871016834	43.5022528771	1013.26	-54.5605666474
19.9995001635	43.5022592148	1014.26	-54.5447438227
20.011898646	43.5022642128	1015.26	-54.5134436902
20.0242971303	43.5022678712	1016.26	-54.4586394173
20.0366956158	43.50227019	1017.26	-54.3723029024
20.049094102	43.5022711691	1018.26	-54.2464073649
20.0614925883	43.5022708086	1019.26	-54.07292995
20.0738910742	43.5022691084	1020.26	-53.8438543125
20.0862895591	43.5022660685	1021.26	-53.5624617828
20.0986880425	43.5022616891	1022.26	-53.2487501162
20.1110865238	43.5022559699	1023.26	-52.9039414874
20.1234850025	43.5022489112	1024.26	-52.5286024775
20.135883478	43.5022405127	1025.26	-52.123303784
20.1482819498	43.5022307747	1026.26	-51.688621334
20.1606804173	43.5022196969	1027.26	-51.2251372433
20.17307888	43.5022072796	1028.26	-50.7334409414
20.1854773374	43.5021935226	1029.26	-50.2141301249
20.1978757887	43.5021784259	1030.26	-49.6678118685
20.2102742337	43.5021619896	1031.26	-49.095103619
20.2226726715	43.5021442137	1032.26	-48.4966342744
20.2350711019	43.5021250982	1033.26	-47.8730451685
20.247469524	43.502104643	1034.26	-47.2210211236
20.2598679376	43.5020828481	1035.26	-46.503392733
20.2722663418	43.5020597137	1036.26	-45.7207791249
20.2846647364	43.5020352396	1037.26	-44.8856328594
20.2970631205	43.5020094259	1038.26	-44.0104059992
20.3094614938	43.5019822725	1039.26	-43.1075488585
20.3218598557	43.5019537796	1040.26	-42.1895089836
20.3342582056	43.501923947	1041.26	-41.2687299606
20.346656543	43.5018927748	1042.26	-40.3576503383
20.3590548673	43.501860263	1043.26	-39.4687024947
20.3714531779	43.5018264115	1044.26	-38.6143115136
20.3838514744	43.5017912205	1045.26	-37.8068940669
20.3962497562	43.5017546899	1046.26	-37.0588573
20.4086480226	43.5017168196	1047.26	-36.3825977185
20.4210462733	43.5016776098	1048.26	-35.8005695175
20.4334445075	43.5016370603	1049.26	-35.3172933989
20.4458427249	43.5015951713	1050.26	-34.9134988676
20.4582409247	43.5015519427	1051.26	-34.5698045237
20.4706391066	43.5015073745	1052.26	-34.2667517184
20.4830372698	43.5014614667	1053.26	-33.9847977615
20.4954354139	43.5014142194	1054.26	-33.704309066
20.5078335384	43.5013656325	1055.26	-33.4055543583
20.5202316426	43.501315706	1056.26	-33.0686978325
20.532629726	43.5012644399	1057.26	-32.6737923174
20.5450277881	43.5012118343	1058.26	-32.2007724335
20.5574258283	43.5011578892	1059.26	-31.6294477891
20.5698238461	43.5011026045	1060.26	-30.9394961397
20.5822218409	43.5010459802	1061.26	-30.0996947768
20.5946198122	43.5009880164	1062.26	-29.0542128174
20.6070177594	43.5009287131	1063.26	-27.8310041784
20.6194156819	43.5008680703	1064.26	-26.4691138182
20.6318135793	43.5008060879	1065.26	-25.0077066069
20.644211451	43.5007427661	1066.26	-23.486075423
20.6566092964	43.5006781047	1067.26	-21.9436492986
20.6690071149	43.5006121038	1068.26	-20.4200014443
20.6814049061	43.5005447634	1069.26	-18.954857357
20.6938026693	43.5004760835	1070.26	-17.588102966
20.706200404	43.5004060642	1071.26	-16.3597926675
20.7185981098	43.5003347053	1072.26	-15.3101574366
20.7309957859	43.500262007	1073.26	-14.4796129649
20.7433934319	43.5001879692	1074.26	-13.9084030579
20.7557910472	43.500112592	1075.26	-13.5818572856
20.7681886313	43.5000358753	1076.26	-13.4553836495
20.7805861836	43.4999578192	1077.26	-13.5044985082
20.7929837036	43.4998784236	1078.26	-13.7047191618
20.8053811907	43.4997976886	1079.26	-14.0315636236
20.8177786444	43.4997156142	1080.26	-14.4605503511
20.8301760641	43.4996322003	1081.26	-14.9671979869
20.8425734493	43.4995474471	1082.26	-15.527025147
20.8549707993	43.4994613544	1083.26	-16.1155500988
20.8673681138	43.4993739224	1084.26	-16.7082906072
20.8797653921	43.499285151	1085.26	-17.2807635853
20.8921626336	43.4991950402	1086.26	-17.8084849046
20.9045598379	43.49910359	1087.26	-18.2669691403
20.9169570043	43.4990108005	1088.26	-18.6850827839
20.9293541324	43.4989166716	1089.26	-19.2051232144
20.9417512215	43.4988212034	1090.26	-19.8121250006
20.9541482712	43.4987243958	1091.26	-20.4787107684
20.9665452808	43.4986262489	1092.26	-21.1774291386
20.9789422499	43.4985267627	1093.26	-21.8807518372
20.9913391778	43.4984259372	1094.26	-22.5610707739
21.003736064	43.4983237724	1095.26	-23.1906951735
21.0161329081	43.4982202683	1096.26	-23.7418486717
21.0285297093	43.498115425	1097.26	-24.1866664001
21.0409264672	43.4980092423	1098.26	-24.497192114
21.0533231813	43.4979017204	1099.26	-24.6453752928
21.0657198509	43.4977928593	1100.26	-24.6030682329
21.0781164755	43.4976826589	1101.26	-24.3362352153
21.0905130547	43.4975711193	1102.26	-23.7149451522
21.1029095877	43.4974582404	1103.26	-22.7488101223
21.1153060741	43.4973440224	1104.26	-21.5089869095
21.1277025134	43.4972284651	1105.26	-20.0666619348
21.1400989049	43.4971115687	1106.26	-18.4930522074
21.1524952482	43.4969933331	1107.26	-16.8594061949
21.1648915426	43.4968737583	1108.26	-15.237004815
21.1772877877	43.4967528443	1109.26	-13.6971622747
21.1896839828	43.4966305912	1110.26	-12.3112270559
21.2020801275	43.496506999	1111.26	-11.1505827516
21.2144762212	43.4963820677	1112.26	-10.2866490243
21.2268722633	43.4962557972	1113.26	-9.7908824744
21.2392682533	43.4961281877	1114.26	-9.73477751606
21.2516641906	43.495999239	1115.26	-10.1788490911
21.2640600747	43.4958689513	1116.26	-11.0936615705
21.276455905	43.4957373245	1117.26	-12.4065938348
21.288851681	43.4956043587	1118.26	-14.0447449864
21.3012474022	43.4954700538	1119.26	-15.9351773598
21.3136430679	43.4953344099	1120.26	-18.0049156701
21.3260386777	43.4951974269	1121.26	-20.1809463306
21.3384342309	43.495059105	1122.26	-22.3902165584
21.3508297271	43.4949194441	1123.26	-24.5596337592
21.3632251657	43.4947784442	1124.26	-26.6160646767
21.3756205462	43.4946361053	1125.26	-28.4863347276
21.3880158679	43.4944924275	1126.26	-30.0972272419
21.4004111304	43.4943474108	1127.26	-31.3754828586
21.412806333	43.4942010551	1128.26	-32.2712491516
21.4252014753	43.4940533605	1129.26	-32.9588274614
21.4375965567	43.493904327	1130.26	-33.4963650704
21.4499915767	43.4937539546	1131.26	-33.8924638919
21.4623865347	43.4936022434	1132.26	-34.1557314192
21.4747814301	43.4934491932	1133.26	-34.2947810298
21.4871762624	43.4932948043	1134.26	-34.3182321805
21.499571031	43.4931390765	1135.26	-34.2347107676
21.5119657355	43.4929820099	1136.26	-34.0528493311
21.5243603752	43.4928236045	1137.26	-33.7812873792
21.5367549496	43.4926638603	1138.26	-33.428671662
21.5491494581	43.4925027773	1139.26	-33.0036564693
21.5615439003	43.4923403556	1140.26	-32.5149039114
21.5739382755	43.4921765952	1141.26	-31.9710842608
21.5863325833	43.492011496	1142.26	-31.3094889945
21.598726823	43.4918450581	1143.26	-30.4692270201
21.6111209941	43.4916772815	1144.26	-29.4765512084
21.6235150961	43.4915081662	1145.26	-28.3578639638
21.6359091284	43.4913377122	1146.26	-27.1396369283
21.6483030904	43.4911659196	1147.26	-25.8484121723
21.6606969817	43.4909927884	1148.26	-24.5108033765
21.6730908017	43.4908183185	1149.26	-23.1534970494
21.6854845497	43.49064251	1150.26	-21.8032536582
21.6978782254	43.490465363	1151.26	-20.4869087347
21.710271828	43.4902868773	1152.26	-19.2313741197
21.7226653572	43.4901070532	1153.26	-18.0636389234
21.73	43.49	1153.85	-17.4249234184
>  21.73, 43.49, -W1p
21.73	43.49	1153.85	-17.4249234184
21.7406346255	43.4946212002	1154.85	-16.3092934402
21.7512708786	43.4992414148	1155.85	-15.2141401425
21.7619087594	43.5038606432	1156.85	-14.0711339088
21.7725482681	43.5084788854	1157.85	-12.9028966951
21.7831894049	43.5130961408	1158.85	-11.7297593244
21.7938321699	43.5177124093	1159.85	-10.5695981489
21.8044765633	43.5223276905	1160.85	-9.43777429657
21.8151225853	43.5269419841	1161.85	-8.34715989665
21.8257702359	43.5315552898	1162.85	-7.3082513088
21.8364195155	43.5361676073	1163.85	-6.32936919837
21.8470704241	43.5407789363	1164.85	-5.41694557291
21.8577229618	43.5453892765	1165.85	-4.57589751987
21.868377129	43.5499986275	1166.85	-3.81008772533
21.8790329257	43.554606989	1167.85	-3.12287170944
21.8896903521	43.5592143608	1168.85	-2.51773162906
21.9003494083	43.5638207425	1169.85	-1.99899671694
21.9110100946	43.5684261338	1170.85	-1.57583733242
21.921672411	43.5730305344	1171.85	-1.27878399098
21.9323363578	43.577633944	1172.85	-1.08918361787
21.943001935	43.5822363623	1173.85	-0.985189933844
21.9536691429	43.5868377889	1174.85	-0.953698166857
21.9643379817	43.5914382236	1175.85	-0.982353290224
21.9750084514	43.5960376661	1176.85	-1.06084821835
21.9856805522	43.600636116	1177.85	-1.18156917146
21.9963542843	43.605233573	1178.85	-1.33858472165
22.0070296479	43.6098300368	1179.85	-1.52677603959
22.0177066431	43.6144255071	1180.85	-1.74103023194
22.0283852701	43.6190199836	1181.85	-1.97549675017
22.039065529	43.623613466	1182.85	-2.22290680368
22.04974742	43.628205954	1183.85	-2.47395576505
22.0604309433	43.6327974472	1184.85	-2.71674850067
22.0711160989	43.6373879454	1185.85	-2.93630759599
22.0818028871	43.6419774481	1186.85	-3.13102786517
22.092491308	43.6465659553	1187.85	-3.33200178335
22.1031813618	43.6511534664	1188.85	-3.54207041158
22.1138730487	43.6557399812	1189.85	-3.76068969881
22.1245663687	43.6603254994	1190.85	-3.98598596646
22.1352613221	43.6649100206	1191.85	-4.2153716853
22.1459579089	43.6694935447	1192.85	-4.44611043119
22.1566561294	43.6740760711	1193.85	-4.67583097678
22.1673559838	43.6786575997	1194.85	-4.90299069944
22.1780574721	43.6832381302	1195.85	-5.12728816403
22.1887605945	43.6878176621	1196.85	-5.35002503419
22.1994653512	43.6923961953	1197.85	-5.5744173456
22.2101717423	43.6969737293	1198.85	-5.80585606846
22.220879768	43.7015502639	1199.85	-6.05211714424
22.2315894285	43.7061257988	1200.85	-6.32352089887
22.2423007238	43.7107003336	1201.85	-6.63226514378
22.2530136542	43.715273868	1202.85	-6.96566437614
22.2637282198	43.7198464018	1203.85	-7.31390086527
22.2744444208	43.7244179346	1204.85	-7.67629469509
22.2851622572	43.7289884661	1205.85	-8.05140101709
22.2958817293	43.7335579959	1206.85	-8.43700957136
22.3066028372	43.7381265239	1207.85	-8.83017409254
22.3173255811	43.7426940496	1208.85	-9.22727158258
22.3280499611	43.7472605727	1209.85	-9.6240914504
22.3387759773	43.751826093	1210.85	-10.016457802
22.34950363	43.7563906101	1211.85	-10.4079455631
22.3602329192	43.7609541238	1212.85	-10.7960947039
22.3709638452	43.7655166336	1213.85	-11.1751637819
22.381696408	43.7700781393	1214.85	-11.539300746
22.3924306078	43.7746386405	1215.85	-11.8824897464
22.4031664448	43.7791981371	1216.85	-12.1984941703
22.4139039191	43.7837566285	1217.85	-12.4876163817
22.4246430309	43.7883141146	1218.85	-12.7706823674
22.4353837803	43.792870595	1219.85	-13.0563023528
22.4461261675	43.7974260694	1220.85	-13.3511087584
22.4568701925	43.8019805375	1221.85	-13.6605676408
22.4676158557	43.806533999	1222.85	-13.988652379
22.478363157	43.8110864535	1223.85	-14.3375589001
22.4891120967	43.8156379008	1224.85	-14.7074625104
22.4998626749	43.8201883405	1225.85	-15.0963162027
22.5106148918	43.8247377724	1226.85	-15.4996904874
22.5213687475	43.829286196	1227.85	-15.9106546651
22.5321242421	43.8338336112	1228.85	-16.3196995533
22.5428813758	43.8383800175	1229.85	-16.7147016006
22.5536401487	43.8429254146	1230.85	-17.0809283816
22.564400561	43.8474698024	1231.85	-17.4010854392
22.5751626129	43.8520131803	1232.85	-17.6561004529
22.5859263044	43.8565555482	1233.85	-17.8475759595
22.5966916358	43.8610969057	1234.85	-17.9696049315
22.6074586071	43.8656372525	1235.85	-18.0093077044
22.6182272185	43.8701765883	1236.85	-17.9571504078
22.6289974702	43.8747149127	1237.85	-17.8069777372
22.6397693623	43.8792522255	1238.85	-17.5560073646
22.650542895	43.8837885263	1239.85	-17.204786021
22.6613180683	43.8883238148	1240.85	-16.7571072721
22.6720948824	43.8928580908	1241.85	-16.2198910038
22.6828733376	43.8973913538	1242.85	-15.6030246886
22.6936534338	43.9019236036	1243.85	-14.9191664104
22.7044351713	43.9064548399	1244.85	-14.1835096921
22.7152185503	43.9109850623	1245.85	-13.4135101963
22.7260035707	43.9155142706	1246.85	-12.6285742624
22.7367902329	43.9200424644	1247.85	-11.8455062933
22.7475785368	43.9245696434	1248.85	-11.0485008451
22.7583684828	43.9290958072	1249.85	-10.1992278464
22.7691600709	43.9336209557	1250.85	-9.30176909449
22.7799533012	43.9381450884	1251.85	-8.36156798999
22.7907481739	43.942668205	1252.85	-7.38363447072
22.8015446891	43.9471903053	1253.85	-6.37275949697
22.8123428471	43.9517113889	1254.85	-5.33371005004
22.8231426478	43.9562314555	1255.85	-4.27140464047
22.8339440915	43.9607505047	1256.85	-3.19106933824
22.8447471783	43.9652685364	1257.85	-2.09837436003
22.8555519083	43.96978555	1258.85	-0.999551329152
22.8663582817	43.9743015455	1259.85	0.0985091039626
22.8771662985	43.9788165223	1260.85	1.18817873962
22.88	43.98	1261.11	1.47142632358
