
>  9.99, 39.94, -W1p,red
9.99	39.94	0	2.72504481746
10.0017265109	39.9402034801	1	2.68413609658
10.0134530914	39.9404057788	2	2.64888977511
10.025179741	39.9406068962	3	2.61847092252
10.0369064594	39.9408068322	4	2.59185007383
10.0486332461	39.9410055868	5	2.56950906988
10.0603601007	39.94120316	6	2.55064286755
10.0720870228	39.9413995518	7	2.53412415736
10.083814012	39.9415947621	8	2.5205156449
10.095541068	39.941788791	9	2.50887945088
10.1072681902	39.9419816384	10	2.4983076309
10.1189953784	39.9421733043	11	2.4892528938
10.130722632	39.9423637887	12	2.48103735847
10.1424499508	39.9425530916	13	2.4732963216
10.1541773342	39.942741213	14	2.46625800741
10.1659047819	39.9429281528	15	2.45922524186
10.1776322935	39.9431139111	16	2.45202765434
10.1893598686	39.9432984878	17	2.44474554516
10.2010875068	39.9434818829	18	2.43677291649
10.2128152076	39.9436640964	19	2.42778885762
10.2245429707	39.9438451283	20	2.41815693767
10.2362707956	39.9440249786	21	2.40830803505
10.247998682	39.9442036472	22	2.3979863366
10.2597266295	39.9443811342	23	2.3876384637
10.2714546376	39.9445574395	24	2.37795898847
10.2831827059	39.9447325631	25	2.36861786905
10.2949108341	39.9449065051	26	2.36019185182
10.3066390217	39.9450792653	27	2.35347116321
10.3183672684	39.9452508438	28	2.34836281235
10.3300955736	39.9454212406	29	2.34413286079
10.3418239371	39.9455904556	30	2.34037005564
10.3535523584	39.9457584889	31	2.33733104661
10.3652808371	39.9459253404	32	2.33455060172
10.3770093728	39.9460910101	33	2.33179630816
10.3887379651	39.946255498	34	2.32923489059
10.4004666137	39.9464188041	35	2.32677285286
10.412195318	39.9465809283	36	2.32448448382
10.4239240777	39.9467418708	37	2.3222795588
10.4356528923	39.9469016313	38	2.31986243869
10.4473817616	39.9470602101	39	2.31725904574
10.459110685	39.9472176069	40	2.31445229899
10.4708396622	39.9473738219	41	2.31131046564
10.4825686928	39.9475288549	42	2.30787547094
10.4942977763	39.9476827061	43	2.30409855562
10.5060269124	39.9478353753	44	2.29988884143
10.5177561006	39.9479868626	45	2.29525283006
10.5294853406	39.948137168	46	2.29024302599
10.5412146319	39.9482862914	47	2.28488870421
10.5529439741	39.9484342328	48	2.27916948568
10.5646733669	39.9485809923	49	2.27314537353
10.5764028098	39.9487265698	50	2.26683410596
10.5881323024	39.9488709652	51	2.26022763188
10.5998618443	39.9490141787	52	2.25342499361
10.6115914352	39.9491562101	53	2.24650852467
10.6233210745	39.9492970595	54	2.23940267211
10.635050762	39.9494367269	55	2.23197112079
10.6467804972	39.9495752122	56	2.22413942333
10.6585102796	39.9497125154	57	2.21603255353
10.6702401089	39.9498486366	58	2.20778286781
10.6819699847	39.9499835756	59	2.19923124383
10.6936999066	39.9501173326	60	2.19069201171
10.7054298742	39.9502499075	61	2.18258426137
10.717159887	39.9503813003	62	2.17483067855
10.7288899447	39.9505115109	63	2.16728723022
10.7406200468	39.9506405394	64	2.15984596276
10.752350193	39.9507683857	65	2.15250826958
10.7640803828	39.9508950499	66	2.14548802254
10.7758106159	39.9510205319	67	2.13882627673
10.7875408918	39.9511448318	68	2.13247894681
10.7992712102	39.9512679494	69	2.12692202612
10.8110015706	39.9513898849	70	2.12236616402
10.8227319725	39.9515106381	71	2.1186503894
10.8344624157	39.9516302092	72	2.11579289806
10.8461928998	39.951748598	73	2.11374833408
10.8579234242	39.9518658046	74	2.11258612458
10.8696539886	39.951981829	75	2.11244914513
10.8813845926	39.9520966711	76	2.11327062752
10.8931152358	39.9522103309	77	2.11516797119
10.9048459178	39.9523228085	78	2.11836894304
10.9165766382	39.9524341038	79	2.12295970767
10.9283073965	39.9525442168	80	2.12856282508
10.9400381924	39.9526531475	81	2.1348765165
10.9517690255	39.9527608959	82	2.14207739332
10.9634998953	39.9528674621	83	2.14983215564
10.9752308015	39.9529728459	84	2.1579186782
10.9869617436	39.9530770473	85	2.16646981582
10.9986927213	39.9531800665	86	2.1752091818
11.0104237341	39.9532819033	87	2.18405073344
11.0221547816	39.9533825577	88	2.19303463243
11.0338858635	39.9534820298	89	2.20188469798
11.0456169792	39.9535803195	90	2.21060298867
11.0573481285	39.9536774269	91	2.21916045868
11.0690793109	39.9537733519	92	2.22731304119
11.080810526	39.9538680945	93	2.23511188674
11.0925417734	39.9539616547	94	2.24248302359
11.1042730527	39.9540540325	95	2.24922247605
11.1160043635	39.9541452278	96	2.25530341207
11.1277357054	39.9542352408	97	2.26087382061
11.1394670779	39.9543240714	98	2.2660470823
11.1511984807	39.9544117195	99	2.27075748216
11.1629299134	39.9544981852	100	2.27513541214
11.1746613756	39.9545834684	101	2.27927924163
11.1863928667	39.9546675692	102	2.28313259265
11.1981243866	39.9547504876	103	2.28681416972
11.2098559347	39.9548322234	104	2.29033231475
11.2215875106	39.9549127769	105	2.29368238162
11.233319114	39.9549921478	106	2.29714461468
11.2450507444	39.9550703363	107	2.30072691697
11.2567824014	39.9551473422	108	2.30445575926
11.2685140846	39.9552231657	109	2.3086400884
11.2802457936	39.9552978067	110	2.31323297744
11.2919775281	39.9553712652	111	2.31831479686
11.3037092875	39.9554435411	112	2.32415868638
11.3154410715	39.9555146346	113	2.33086787918
11.3271728797	39.9555845455	114	2.33812938983
11.3389047117	39.955653274	115	2.34565602971
11.3506365671	39.9557208198	116	2.35360664435
11.3623684455	39.9557871832	117	2.36169561493
11.3741003464	39.955852364	118	2.3696727562
11.3858322695	39.9559163623	119	2.3776798455
11.3975642143	39.955979178	120	2.38545262731
11.4092961805	39.9560408111	121	2.39279682281
11.4210281676	39.9561012617	122	2.39981496912
11.4327601753	39.9561605298	123	2.40651700699
11.4444922031	39.9562186152	124	2.41287474688
11.4562242506	39.9562755181	125	2.41891682564
11.4679563174	39.9563312384	126	2.42474755652
11.4796884032	39.9563857761	127	2.43030818012
11.4914205074	39.9564391313	128	2.43569067508
11.5031526298	39.9564913038	129	2.44110964052
11.5148847699	39.9565422938	130	2.44645114094
11.5266169272	39.9565921012	131	2.45190354752
11.5383491015	39.9566407259	132	2.45773452469
11.5500812922	39.9566881681	133	2.46374327147
11.561813499	39.9567344276	134	2.47034950336
11.5735457215	39.9567795045	135	2.4779314866
11.5852779592	39.9568233988	136	2.48625122497
11.5970102118	39.9568661105	137	2.49582488831
11.6087424788	39.9569076396	138	2.50721650647
11.6204747599	39.956947986	139	2.52020293171
11.6322070546	39.9569871499	140	2.53400061355
11.6439393626	39.957025131	141	2.54846902461
11.6556716834	39.9570619296	142	2.56366271344
11.6674040166	39.9570975455	143	2.57865146887
11.6791363619	39.9571319788	144	2.593462503
11.6908687187	39.9571652294	145	2.60797773803
11.7026010868	39.9571972974	146	2.62137468089
11.7143334656	39.9572281827	147	2.63368041543
11.7260658548	39.9572578854	148	2.64493084146
11.7377982541	39.9572864054	149	2.65494958885
11.7495306629	39.9573137428	150	2.66392464658
11.7612630809	39.9573398975	151	2.67144582204
11.7729955077	39.9573648695	152	2.67713271159
11.7847279428	39.9573886589	153	2.68127478763
11.7964603859	39.9574112656	154	2.68316392877
11.8081928365	39.9574326897	155	2.68192968292
11.8199252943	39.9574529311	156	2.67780583771
11.8316577589	39.9574719898	157	2.67225496241
11.8433902297	39.9574898659	158	2.66579158717
11.8551227066	39.9575065593	159	2.65810784148
11.8668551889	39.95752207	160	2.65043651025
11.8785876763	39.957536398	161	2.64296040041
11.8903201685	39.9575495434	162	2.63559504875
11.902052665	39.9575615061	163	2.62908769149
11.9137851653	39.9575722861	164	2.62334588729
11.9255176692	39.9575818835	165	2.61850961005
11.9372501762	39.9575902981	166	2.6150676836
11.9489826858	39.9575975301	167	2.61285550046
11.9607151977	39.9576035794	168	2.61210187702
11.9724477115	39.957608446	169	2.61315040231
11.9841802268	39.95761213	170	2.61585555073
11.9959127431	39.9576146312	171	2.62040436156
12.0076452601	39.9576159498	172	2.62715523666
12.0193777773	39.9576160857	173	2.6361039932
12.0311102944	39.9576150389	174	2.64629323086
12.0428428109	39.9576128095	175	2.65740191868
12.0545753264	39.9576093974	176	2.66964217616
12.0663078406	39.9576048025	177	2.68177400026
12.078040353	39.957599025	178	2.69364289607
12.0897728632	39.9575920649	179	2.70526821629
12.1015053708	39.957583922	180	2.71542336303
12.1132378754	39.9575745965	181	2.72359686348
12.1249703766	39.9575640883	182	2.73054293141
12.136702874	39.9575523974	183	2.73703759967
12.1484353672	39.9575395238	184	2.74278686199
12.1601678558	39.9575254676	185	2.74825503569
12.1719003393	39.9575102287	186	2.75417069321
12.1836328174	39.9574938071	187	2.76021073856
12.1953652897	39.9574762028	188	2.76686029226
12.2070977557	39.9574574159	189	2.77471409467
12.2188302151	39.9574374463	190	2.78360333291
12.2305626675	39.957416294	191	2.79325496544
12.2422951123	39.9573939591	192	2.80353385613
12.2540275493	39.9573704415	193	2.81451756326
12.265759978	39.9573457413	194	2.82608987352
12.2774923981	39.9573198584	195	2.83815134189
12.2892248091	39.9572927928	196	2.85078159803
12.3009572105	39.9572645446	197	2.86412857432
12.3126896021	39.9572351137	198	2.87831424021
12.3244219834	39.9572045002	199	2.89317064583
12.3361543539	39.957172704	200	2.90843886881
12.3478867134	39.9571397252	201	2.9240944779
12.3596190613	39.9571055637	202	2.94021443032
12.3713513974	39.9570702196	203	2.95682295481
12.383083721	39.9570336928	204	2.9738678122
12.394816032	39.9569959835	205	2.99148219437
12.4065483298	39.9569570914	206	3.00985888645
12.4182806141	39.9569170168	207	3.02902214034
12.4300128844	39.9568757595	208	3.04860547357
12.4417451403	39.9568333196	209	3.06838766284
12.4534773815	39.9567896971	210	3.08850097646
12.4652096075	39.956744892	211	3.10867252327
12.4769418179	39.9566989042	212	3.12880833599
12.4886740124	39.9566517339	213	3.14896485747
12.5004061905	39.9566033809	214	3.16890040388
12.5121383517	39.9565538453	215	3.18895546953
12.5238704958	39.9565031271	216	3.20867726734
12.5356026223	39.9564512264	217	3.22682374731
12.5473347307	39.956398143	218	3.24377346
12.5590668208	39.9563438771	219	3.25891879806
12.570798892	39.9562884285	220	3.27093535934
12.582530944	39.9562317974	221	3.28028605224
12.5942629764	39.9561739838	222	3.28632124674
12.6059949887	39.9561149875	223	3.28789857901
12.6177269806	39.9560548087	224	3.28497198618
12.6294589516	39.9559934473	225	3.27888497793
12.6411909014	39.9559309034	226	3.27042106323
12.6529228295	39.9558671769	227	3.25903922339
12.6646547355	39.9558022679	228	3.24625556735
12.6763866191	39.9557361763	229	3.23270584887
12.6881184798	39.9556689022	230	3.21800178397
12.6998503172	39.9556004455	231	3.20357386312
12.7115821309	39.9555308064	232	3.18974402184
12.7233139206	39.9554599847	233	3.17631128967
12.7350456857	39.9553879805	234	3.16403155924
12.7467774259	39.9553147938	235	3.1527674775
12.7585091408	39.9552404245	236	3.14275633145
12.77024083	39.9551648728	237	3.13470366034
12.7819724931	39.9550881386	238	3.12837250641
12.7937041296	39.9550102219	239	3.12411979872
12.8054357392	39.9549311227	240	3.12258718848
12.8171673215	39.9548508411	241	3.12376505913
12.828898876	39.954769377	242	3.12717531062
12.8406304024	39.9546867304	243	3.13251525531
12.8523619002	39.9546029013	244	3.13997625517
12.864093369	39.9545178898	245	3.14913474473
12.8758248085	39.9544316959	246	3.15975827812
12.8875562182	39.9543443195	247	3.17198736252
12.8992875978	39.9542557607	248	3.18545981671
12.9110189467	39.9541660195	249	3.20025985565
12.9227502647	39.9540750959	250	3.21624965152
12.9344815513	39.9539829898	251	3.23250473993
12.946212806	39.9538897013	252	3.24912780118
12.9579440286	39.9537952305	253	3.26590560706
12.9696752186	39.9536995773	254	3.28197013097
12.9814063755	39.9536027416	255	3.29758005377
12.993137499	39.9535047236	256	3.31235100135
13.0048685887	39.9534055233	257	3.32552450669
13.0165996442	39.9533051406	258	3.33721827374
13.028330665	39.9532035755	259	3.34756597451
13.0400616508	39.9531008281	260	3.35658676134
13.0517926011	39.9529968983	261	3.36427331466
13.0635235156	39.9528917863	262	3.370642198
13.0752543938	39.9527854919	263	3.37569551938
13.0869852353	39.9526780152	264	3.37942861659
13.0987160398	39.9525693562	265	3.38190032241
13.1104468068	39.9524595149	266	3.38289590367
13.1221775359	39.9523484913	267	3.38259924158
13.1339082268	39.9522362854	268	3.38197033037
13.1456388789	39.9521228973	269	3.38087957281
13.157369492	39.9520083269	270	3.37959427422
13.1691000655	39.9518925742	271	3.37932472082
13.1808305992	39.9517756394	272	3.37973528099
13.1925610925	39.9516575222	273	3.3813539541
13.2042915451	39.9515382229	274	3.38539340439
13.2160219566	39.9514177413	275	3.39183507081
13.2277523266	39.9512960776	276	3.40020596615
13.2394826546	39.9511732316	277	3.41023714623
13.2512129403	39.9510492034	278	3.42208030977
13.2629431833	39.9509239931	279	3.43545344116
13.2746733831	39.9507976006	280	3.45014389104
13.2864035394	39.950670026	281	3.46627747745
13.2981336517	39.9505412692	282	3.48360082002
13.3098637196	39.9504113302	283	3.50210206516
13.3215937428	39.9502802091	284	3.521787666
13.3333237208	39.9501479059	285	3.54203487624
13.3450536532	39.9500144206	286	3.56287755208
13.3567835396	39.9498797532	287	3.5842058712
13.3685133797	39.9497439037	288	3.60518809706
13.3802431729	39.9496068722	289	3.62601221127
13.391972919	39.9494686585	290	3.64636931074
13.4037026174	39.9493292628	291	3.66538887548
13.4154322679	39.9491886851	292	3.68305035067
13.4271618699	39.9490469253	293	3.69962344063
13.4388914231	39.9489039835	294	3.71524270365
13.4506209271	39.9487598597	295	3.72984037609
13.4623503815	39.9486145539	296	3.74353979926
13.4740797858	39.9484680661	297	3.75645455451
13.4858091397	39.9483203963	298	3.76852915568
13.4975384427	39.9481715445	299	3.77985418844
13.5092676946	39.9480215108	300	3.79042811458
13.5209968947	39.9478702951	301	3.80023308048
13.5327260428	39.9477178975	302	3.80955235377
13.5444551384	39.947564318	303	3.81836968629
13.5561841812	39.9474095566	304	3.82673702967
13.5679131707	39.9472536132	305	3.83515930659
13.5796421065	39.947096488	306	3.84352060551
13.5913709883	39.9469381809	307	3.85201847888
13.6030998155	39.9467786919	308	3.86128079996
13.6148285879	39.9466180211	309	3.87135500123
13.626557305	39.9464561685	310	3.88199940201
13.6382859663	39.946293134	311	3.89305288469
13.6500145716	39.9461289177	312	3.90447285906
13.6617431204	39.9459635196	313	3.91646727427
13.6734716122	39.9457969397	314	3.92914818718
13.6852000467	39.945629178	315	3.94236223833
13.6969284235	39.9454602346	316	3.95664363905
13.7086567422	39.9452901094	317	3.97254975858
13.7203850024	39.9451188025	318	3.98985809165
13.7321132036	39.9449463139	319	4.00779027681
13.7438413454	39.9447726435	320	4.02604349537
13.7555694276	39.9445977915	321	4.0448053257
13.7672974496	39.9444217577	322	4.06373960237
13.779025411	39.9442445423	323	4.08267493396
13.7907533114	39.9440661452	324	4.10181921858
13.8024811506	39.9438865665	325	4.12144973649
13.8142089279	39.9437058062	326	4.1418515079
13.8259366431	39.9435238642	327	4.16255979884
13.8376642957	39.9433407407	328	4.18294722251
13.8493918853	39.9431564355	329	4.203173222
13.8611194115	39.9429709488	330	4.2231050685
13.8728468739	39.9427842805	331	4.24246373287
13.8845742722	39.9425964307	332	4.26129050012
13.8963016058	39.9424073993	333	4.27974473568
13.9080288745	39.9422171865	334	4.29792190385
13.9197560777	39.9420257921	335	4.31578694746
13.9314832152	39.9418332162	336	4.33351136015
13.9432102864	39.9416394589	337	4.35108945266
13.954937291	39.9414445201	338	4.36851610344
13.9666642286	39.9412483998	339	4.3861820505
13.9783910987	39.9410510981	340	4.4040967106
13.990117901	39.940852615	341	4.42227156252
14.0018446351	39.9406529506	342	4.44110085998
14.0135713006	39.9404521047	343	4.46058067653
14.025297897	39.9402500774	344	4.48070685043
14.0370244239	39.9400468689	345	4.50163059196
14.0487508811	39.9398424789	346	4.52328275383
14.0604772679	39.9396369077	347	4.54575768248
14.0722035841	39.9394301551	348	4.56919281322
14.0839298292	39.9392222213	349	4.59349721705
14.0956560029	39.9390131062	350	4.61886512093
14.1073821047	39.9388028098	351	4.64560779543
14.1191081342	39.9385913322	352	4.67374003674
14.1308340911	39.9383786733	353	4.70266180669
14.1425599749	39.9381648333	354	4.73215044898
14.1542857851	39.937949812	355	4.76237266793
14.1660115215	39.9377336096	356	4.79251483809
14.1777371836	39.937516226	357	4.82251956102
14.189462771	39.9372976613	358	4.85236062625
14.2011882834	39.9370779154	359	4.88093733663
14.2129137202	39.9368569885	360	4.90796783742
14.224639081	39.9366348804	361	4.93379713449
14.2363643656	39.9364115913	362	4.95854128307
14.2480895735	39.9361871211	363	4.98230653584
14.2598147042	39.9359614698	364	5.00486012064
14.2715397575	39.9357346376	365	5.0259473517
14.2832647328	39.9355066243	366	5.04574433888
14.2949896298	39.93527743	367	5.06387386573
14.306714448	39.9350470548	368	5.07980456962
14.3184391871	39.9348154986	369	5.09353289918
14.3301638467	39.9345827615	370	5.10580635792
14.3418884263	39.9343488434	371	5.11694207631
14.3536129256	39.9341137445	372	5.12667576884
14.3653373441	39.9338774647	373	5.13612703707
14.3770616815	39.933640004	374	5.14551322167
14.3887859373	39.9334013624	375	5.15472670567
14.4005101111	39.9331615401	376	5.16528720947
14.4122342026	39.9329205369	377	5.17807825439
14.4239582114	39.9326783529	378	5.19215200454
14.4356821369	39.9324349881	379	5.20629530992
14.4474059789	39.9321904426	380	5.22070524205
14.4591297369	39.9319447164	381	5.23507877793
14.4708534106	39.9316978094	382	5.24856501673
14.4825769994	39.9314497218	383	5.26141613353
14.4943005031	39.9312004534	384	5.27330271857
14.5060239212	39.9309500044	385	5.28362312658
14.5177472533	39.9306983748	386	5.29236894411
14.529470499	39.9304455645	387	5.30009093114
14.5411936579	39.9301915737	388	5.30708267716
14.55	39.93	388.751	5.31165731847
>  14.55, 39.93, -W1p,black
14.55	39.93	388.751	5.31165731847
14.5573988026	39.9369779005	389.751	5.33411438339
14.5647991142	39.9439553307	390.751	5.35836294859
14.5722009352	39.9509322902	391.751	5.38427157294
14.5796042663	39.957908779	392.751	5.41149967843
14.5870091081	39.9648847967	393.751	5.43993091037
14.5944154611	39.9718603433	394.751	5.46949562654
14.601823326	39.9788354184	395.751	5.50013441154
14.6092327032	39.9858100218	396.751	5.53070520276
14.6166435934	39.9927841534	397.751	5.5606301473
14.6240559972	39.999757813	398.751	5.59001494794
14.6314699152	40.0067310002	399.751	5.61966491277
14.6388853478	40.0137037149	400.751	5.65037269052
14.6463022958	40.0206759569	401.751	5.68204314586
14.6537207596	40.027647726	402.751	5.71489462562
14.6611407399	40.034619022	403.751	5.74898472913
14.6685622373	40.0415898446	404.751	5.78457900035
14.6759852523	40.0485601936	405.751	5.82160130446
14.6834097855	40.0555300689	406.751	5.8598720107
14.6908358374	40.0624994702	407.751	5.89908604052
14.6982634088	40.0694683972	408.751	5.93879857271
14.7056925002	40.0764368499	409.751	5.97903048299
14.713123112	40.0834048278	410.751	6.01921225657
14.720555245	40.090372331	411.751	6.05879234074
14.7279888998	40.0973393591	412.751	6.09753981973
14.7354240768	40.1043059119	413.751	6.13551174362
14.7428607767	40.1112719892	414.751	6.1728316396
14.750299	40.1182375908	415.751	6.20939291658
14.7577387474	40.1252027164	416.751	6.24510480161
14.7651800194	40.1321673659	417.751	6.27991459479
14.7726228167	40.1391315391	418.751	6.31381578085
14.7800671397	40.1460952357	419.751	6.34669317389
14.7875129891	40.1530584555	420.751	6.3785392452
14.7949603655	40.1600211983	421.751	6.40947062267
14.8024092694	40.1669834639	422.751	6.43966244293
14.8098597015	40.1739452521	423.751	6.46913949485
14.8173116623	40.1809065626	424.751	6.49808505619
14.8247651524	40.1878673953	425.751	6.52670845826
14.8322201724	40.1948277499	426.751	6.55520531554
14.8396767229	40.2017876261	427.751	6.58361406221
14.8471348045	40.2087470239	428.751	6.61200264702
14.8545944177	40.2157059429	429.751	6.64063600687
14.8620555631	40.222664383	430.751	6.66965151838
14.8695182414	40.229622344	431.751	6.69902350629
14.8769824531	40.2365798255	432.751	6.72836342312
14.8844481988	40.2435368275	433.751	6.75776661291
14.8919154791	40.2504933497	434.751	6.78712955421
14.8993842946	40.2574493918	435.751	6.81618913999
14.9068546458	40.2644049537	436.751	6.84474387377
14.9143265333	40.2713600351	437.751	6.87253226519
14.9217999579	40.2783146359	438.751	6.89911459216
14.9292749199	40.2852687557	439.751	6.92433233025
14.9367514201	40.2922223944	440.751	6.94835429235
14.9442294589	40.2991755519	441.751	6.97160973323
14.9517090371	40.3061282277	442.751	6.9940464663
14.9591901551	40.3130804218	443.751	7.01562701543
14.9666728136	40.3200321339	444.751	7.03667359796
14.9741570132	40.3269833639	445.751	7.05761741008
14.9816427544	40.3339341113	446.751	7.07871727679
14.9891300379	40.3408843762	447.751	7.09985587093
14.9966188642	40.3478341582	448.751	7.12122124579
15.0041092339	40.3547834571	449.751	7.14331055527
15.0116011476	40.3617322728	450.751	7.16671827189
15.019094606	40.3686806049	451.751	7.19134365724
15.0265896095	40.3756284533	452.751	7.21659718378
15.0340861588	40.3825758178	453.751	7.24231749801
15.0415842545	40.3895226981	454.751	7.26897597934
15.0490838971	40.396469094	455.751	7.29634101808
15.0565850873	40.4034150053	456.751	7.32303256656
15.0640878257	40.4103604318	457.751	7.34724256903
15.0715921128	40.4173053732	458.751	7.36870583879
15.0790979492	40.4242498294	459.751	7.38826122748
15.0866053355	40.4311938001	460.751	7.40557519451
15.0941142724	40.4381372851	461.751	7.42110190706
15.1016247604	40.4450802841	462.751	7.43416759394
15.1091368	40.4520227971	463.751	7.44660741111
15.116650392	40.4589648237	464.751	7.46039868433
15.1241655368	40.4659063637	465.751	7.4768066329
15.1316822352	40.4728474169	466.751	7.49560905125
15.1392004876	40.4797879831	467.751	7.51613831106
15.1467202946	40.486728062	468.751	7.5392093176
15.154241657	40.4936676535	469.751	7.56479026237
15.1617645752	40.5006067573	470.751	7.59224350538
15.1692890498	40.5075453732	471.751	7.61981550296
15.1768150815	40.514483501	472.751	7.6468343257
15.1843426708	40.5214211404	473.751	7.67260976133
15.1918718184	40.5283582913	474.751	7.69695573961
15.1994025247	40.5352949534	475.751	7.72049138045
15.2069347905	40.5422311265	476.751	7.74230948406
15.2144686164	40.5491668103	477.751	7.76283251022
15.2220040028	40.5561020048	478.751	7.78283768572
15.2295409504	40.5630367095	479.751	7.80285902271
15.2370794599	40.5699709244	480.751	7.82300931513
15.2446195317	40.5769046491	481.751	7.84228564893
15.2521611666	40.5838378835	482.751	7.86062407415
15.259704365	40.5907706274	483.751	7.87819304278
15.2672491276	40.5977028805	484.751	7.89534996724
15.2747954551	40.6046346425	485.751	7.91287803768
15.2823433479	40.6115659134	486.751	7.93131505364
15.2898928066	40.6184966928	487.751	7.95112756149
15.297443832	40.6254269806	488.751	7.97234179321
15.3049964245	40.6323567764	489.751	7.99455443784
15.3125505848	40.6392860802	490.751	8.01839455805
15.3201063135	40.6462148916	491.751	8.04489784415
15.3276636112	40.6531432105	492.751	8.07341682922
15.3352224784	40.6600710366	493.751	8.10310191892
15.3427829157	40.6669983696	494.751	8.1337790581
15.3503449239	40.6739252095	495.751	8.1665595567
15.3579085034	40.6808515559	496.751	8.20179067988
15.3654736549	40.6877774087	497.751	8.23776773888
15.3730403789	40.6947027675	498.751	8.27337286241
15.3806086761	40.7016276322	499.751	8.30743118087
15.388178547	40.7085520026	500.751	8.33671846495
15.3957499923	40.7154758784	501.751	8.35870413625
15.4033230126	40.7223992595	502.751	8.37254952112
15.4108976084	40.7293221455	503.751	8.38041949736
15.4184737804	40.7362445363	504.751	8.38498593064
15.4260515291	40.7431664316	505.751	8.3870132251
15.4336308552	40.7500878312	506.751	8.38703196235
15.4412117593	40.757008735	507.751	8.38405806717
15.4487942419	40.7639291426	508.751	8.37734312492
15.4563783037	40.7708490538	509.751	8.36764120955
15.4639639453	40.7777684684	510.751	8.35649246369
15.4715511672	40.7846873863	511.751	8.34436622352
15.4791399701	40.7916058071	512.751	8.33094105155
15.4867303546	40.7985237307	513.751	8.31553759398
15.4943223212	40.8054411567	514.751	8.29650237299
15.5019158706	40.8123580851	515.751	8.27317979849
15.5095110034	40.8192745155	516.751	8.24697048569
15.5171077202	40.8261904478	517.751	8.22049999043
15.5247060215	40.8331058817	518.751	8.19578418622
15.532305908	40.840020817	519.751	8.17250787412
15.5399073803	40.8469352534	520.751	8.14979471666
15.5475104391	40.8538491908	521.751	8.12821560937
15.5551150848	40.8607626289	522.751	8.10847754772
15.5627213181	40.8676755675	523.751	8.09102816459
15.5703291396	40.8745880063	524.751	8.07474045103
15.5779385499	40.8814999452	525.751	8.0588479185
15.5855495496	40.8884113839	526.751	8.04369041596
15.5931621394	40.8953223221	527.751	8.03012192867
15.6007763197	40.9022327598	528.751	8.01929638706
15.6083920913	40.9091426965	529.751	8.01127924291
15.6160094547	40.9160521322	530.751	8.00468369192
15.6236284106	40.9229610665	531.751	7.9981972607
15.6312489595	40.9298694993	532.751	7.99104711463
15.638871102	40.9367774303	533.751	7.98315859643
15.6464948388	40.9436848592	534.751	7.97512300317
15.6541201705	40.950591786	535.751	7.96670480088
15.6617470976	40.9574982103	536.751	7.95764784309
15.6693756208	40.9644041319	537.751	7.94782403986
15.6770057407	40.9713095506	538.751	7.93740465412
15.6846374578	40.9782144661	539.751	7.9269130924
15.6922707728	40.9851188783	540.751	7.91613282265
15.6999056864	40.9920227869	541.751	7.90450775929
15.707542199	40.9989261916	542.751	7.89157324448
15.7151803114	41.0058290923	543.751	7.87752031689
15.7228200241	41.0127314887	544.751	7.86315104737
15.7304613377	41.0196333806	545.751	7.84942866358
15.7381042528	41.0265347678	546.751	7.83692146635
15.7457487701	41.0334356499	547.751	7.8258917405
15.7533948901	41.0403360269	548.751	7.81621289237
15.7610426135	41.0472358985	549.751	7.80787511924
15.7686919409	41.0541352644	550.751	7.80101265605
15.7763428729	41.0610341244	551.751	7.79567746346
15.78399541	41.0679324783	552.751	7.79179952627
15.7916495529	41.0748303258	553.751	7.78910303992
15.7993053023	41.0817276668	554.751	7.78742240995
15.8069626586	41.088624501	555.751	7.78661560427
15.8146216226	41.0955208281	556.751	7.78641766813
15.8222821949	41.102416648	557.751	7.78653645902
15.8299443759	41.1093119604	558.751	7.78676987121
15.8376081665	41.1162067651	559.751	7.78681668424
15.845273567	41.1231010618	560.751	7.78635416965
15.8529405783	41.1299948503	561.751	7.78523185281
15.8606092009	41.1368881304	562.751	7.78342491912
15.8682794353	41.1437809019	563.751	7.78083722852
15.8759512823	41.1506731645	564.751	7.77741282634
15.8836247424	41.157564918	565.751	7.77321544073
15.8912998162	41.1644561622	566.751	7.76853896854
15.8989765044	41.1713468968	567.751	7.76370706821
15.9066548076	41.1782371216	568.751	7.75887565877
15.9143347263	41.1851268364	569.751	7.75465238328
15.9220162612	41.1920160409	570.751	7.75136602289
15.9296994128	41.1989047349	571.751	7.74887984601
15.9373841819	41.2057929182	572.751	7.74678562198
15.9450705691	41.2126805906	573.751	7.74501857024
15.9527585748	41.2195677518	574.751	7.74340489207
15.9604481998	41.2264544015	575.751	7.74174715998
15.9681394447	41.2333405397	576.751	7.73984912324
15.97583231	41.2402261659	577.751	7.73777167019
15.9835267965	41.24711128	578.751	7.73554974899
15.9912229046	41.2539958818	579.751	7.73292093321
15.998920635	41.260879971	580.751	7.7295353418
16.0066199884	41.2677635474	581.751	7.7250528576
16.0143209654	41.2746466107	582.751	7.71945579152
16.0220235664	41.2815291608	583.751	7.71251269466
16.0297277923	41.2884111974	584.751	7.70416382157
16.0374336436	41.2952927202	585.751	7.694668219
16.0451411209	41.3021737291	586.751	7.68408671362
16.0528502247	41.3090542238	587.751	7.67276842301
16.0605609559	41.315934204	588.751	7.6611149756
16.0682733149	41.3228136696	589.751	7.64940109514
16.0759873023	41.3296926202	590.751	7.6374848183
16.0837029189	41.3365710557	591.751	7.62532995187
16.0914201651	41.3434489759	592.751	7.6131770744
16.0991390417	41.3503263804	593.751	7.60095163176
16.1068595492	41.3572032691	594.751	7.58834072119
16.11	41.36	595.158	7.58299831581
>  16.11, 41.36, -W1p,white
16.11	41.36	595.158	7.58299831581
16.1212657421	41.3569382092	596.158	7.57893900233
16.1325304241	41.3538753198	597.158	7.57482239847
16.1437940459	41.3508113321	598.158	7.57068827727
16.1550566074	41.3477462464	599.158	7.56648810529
16.1663181083	41.3446800628	600.158	7.56188734321
16.1775785485	41.3416127816	601.158	7.55681651918
16.1888379278	41.3385444031	602.158	7.5512463438
16.2000962461	41.3354749273	603.158	7.54485751909
16.2113535032	41.3324043545	604.158	7.53746712427
16.2226096989	41.3293326851	605.158	7.5292712934
16.2338648331	41.3262599191	606.158	7.52054553106
16.2451189056	41.3231860568	607.158	7.51127215381
16.2563719163	41.3201110984	608.158	7.50142376703
16.2676238649	41.3170350442	609.158	7.49117559452
16.2788747514	41.3139578944	610.158	7.48059001591
16.2901245755	41.3108796491	611.158	7.46954669595
16.3013733371	41.3078003087	612.158	7.45785181196
16.3126210361	41.3047198733	613.158	7.44529830812
16.3238676722	41.3016383432	614.158	7.43203854858
16.3351132453	41.2985557186	615.158	7.41836538047
16.3463577552	41.2954719996	616.158	7.40434326283
16.3576012019	41.2923871866	617.158	7.38993438315
16.3688435851	41.2893012797	618.158	7.37513440567
16.3800849046	41.2862142793	619.158	7.35979557632
16.3913251603	41.2831261854	620.158	7.34413251398
16.4025643521	41.2800369983	621.158	7.3283238501
16.4138024798	41.2769467182	622.158	7.31216866513
16.4250395431	41.2738553455	623.158	7.29526124301
16.4362755421	41.2707628802	624.158	7.27741039348
16.4475104764	41.2676693226	625.158	7.25853223052
16.458744346	41.2645746729	626.158	7.23874682036
16.4699771507	41.2614789314	627.158	7.21829397797
16.4812088902	41.2583820983	628.158	7.19709214685
16.4924395646	41.2552841737	629.158	7.17526425527
16.5036691736	41.252185158	630.158	7.15311841162
16.514897717	41.2490850513	631.158	7.13072116486
16.5261251947	41.2459838539	632.158	7.10820263718
16.5373516066	41.242881566	633.158	7.08567566951
16.5485769524	41.2397781878	634.158	7.06314983028
16.5598012321	41.2366737195	635.158	7.04065568728
16.5710244454	41.2335681614	636.158	7.01821110405
16.5822465922	41.2304615136	637.158	6.99579059617
16.5934676724	41.2273537765	638.158	6.97342874427
16.6046876858	41.2242449501	639.158	6.95128110555
16.6159066323	41.2211350348	640.158	6.92953403625
16.62	41.22	640.523	6.92167072144
>  16.62, 41.22, -W1p,black
16.62	41.22	640.523	6.92167072144
16.6266280646	41.2274849906	641.523	6.88808223086
16.6332576469	41.2349696011	642.523	6.85404517507
16.6398887475	41.2424538312	643.523	6.81957946036
16.6465213671	41.2499376808	644.523	6.78471773601
16.6531555063	41.2574211497	645.523	6.7495006097
16.6597911658	41.2649042378	646.523	6.71403821262
16.6664283463	41.2723869447	647.523	6.67839141141
16.6730670485	41.2798692704	648.523	6.64247638777
16.679707273	41.2873512146	649.523	6.60644984835
16.6863490206	41.2948327772	650.523	6.57057868538
16.6929922918	41.302313958	651.523	6.53522545542
16.6996370873	41.3097947567	652.523	6.50051989675
16.7062834079	41.3172751733	653.523	6.46643218647
16.7129312542	41.3247552074	654.523	6.43277052788
16.7195806269	41.332234859	655.523	6.39928736537
16.7262315266	41.3397141277	656.523	6.36587518307
16.7328839541	41.3471930136	657.523	6.33253027381
16.7395379099	41.3546715163	658.523	6.2991919937
16.7461933948	41.3621496356	659.523	6.26576070137
16.7528504095	41.3696273714	660.523	6.23213543596
16.7595089546	41.3771047235	661.523	6.19833523441
16.7661690308	41.3845816917	662.523	6.16432395181
16.7728306388	41.3920582758	663.523	6.13008049687
16.7794937792	41.3995344756	664.523	6.0955121898
16.7861584528	41.407010291	665.523	6.06030887894
16.7928246601	41.4144857217	666.523	6.02432518647
16.799492402	41.4219607675	667.523	5.98771294305
16.806161679	41.4294354283	668.523	5.95079269312
16.8128324919	41.4369097038	669.523	5.91387751487
16.8195048413	41.444383594	670.523	5.87686851843
16.8261787279	41.4518570985	671.523	5.83988696779
16.8328541523	41.4593302172	672.523	5.80302758598
16.8395311154	41.4668029499	673.523	5.76635260701
16.8462096176	41.4742752964	674.523	5.7297988827
16.8528896598	41.4817472566	675.523	5.69322484453
16.8595712426	41.4892188302	676.523	5.65654369011
16.8662543667	41.4966900171	677.523	5.61959588382
16.8729390327	41.5041608169	678.523	5.58225224774
16.8796252414	41.5116312297	679.523	5.54446900878
16.8863129934	41.5191012551	680.523	5.50599367866
16.8930022894	41.526570893	681.523	5.46660938342
16.8996931301	41.5340401432	682.523	5.42613221144
16.9063855161	41.5415090055	683.523	5.38462082711
16.9130794482	41.5489774797	684.523	5.34200958004
16.9197749271	41.5564455657	685.523	5.29811547862
16.9264719533	41.5639132631	686.523	5.25283273255
16.9331705277	41.5713805719	687.523	5.20623671645
16.9398706508	41.5788474918	688.523	5.15853561473
16.9465723234	41.5863140226	689.523	5.1095816567
16.9532755462	41.5937801642	690.523	5.05942990865
16.9599803198	41.6012459164	691.523	5.00820469149
16.9666866449	41.6087112789	692.523	4.95619325529
16.9733945223	41.6161762517	693.523	4.90351977924
16.9801039525	41.6236408344	694.523	4.85019965124
16.9868149363	41.6311050269	695.523	4.79635824413
16.9935274744	41.6385688289	696.523	4.74209044052
17.0002415674	41.6460322404	697.523	4.68756082643
17.0069572161	41.6534952612	698.523	4.63279496487
17.0136744211	41.6609578909	699.523	4.57779444628
17.0203931831	41.6684201295	700.523	4.52269119938
17.0271135029	41.6758819767	701.523	4.46754031112
17.033835381	41.6833434323	702.523	4.41246036623
17.0405588182	41.6908044962	703.523	4.35750349118
17.0472838151	41.6982651681	704.523	4.30276744737
17.0540103725	41.7057254479	705.523	4.24841295516
17.0607384911	41.7131853354	706.523	4.1945225064
17.0674681715	41.7206448303	707.523	4.14121140809
17.0741994144	41.7281039325	708.523	4.08846140445
17.0809322206	41.7355626418	709.523	4.0362765663
17.0876665906	41.743020958	710.523	3.98470485434
17.0944025253	41.7504788809	711.523	3.93383099016
17.1011400252	41.7579364103	712.523	3.88373576341
17.1078790911	41.7653935459	713.523	3.83451461655
17.1146197237	41.7728502877	714.523	3.78610925038
17.1213619236	41.7803066355	715.523	3.73846956889
17.1281056916	41.7877625889	716.523	3.69162961431
17.1348510284	41.7952181479	717.523	3.64544757642
17.1415979346	41.8026733122	718.523	3.5999440824
17.1483464109	41.8101280816	719.523	3.55516062019
17.155096458	41.817582456	720.523	3.5108749972
17.1618480767	41.8250364351	721.523	3.46686685856
17.1686012676	41.8324900187	722.523	3.4229515259
17.1753560314	41.8399432068	723.523	3.37920537852
17.1821123688	41.8473959989	724.523	3.33576512347
17.1888702805	41.8548483951	725.523	3.29245266022
17.1956297672	41.862300395	726.523	3.24908841555
17.2023908296	41.8697519985	727.523	3.20553681115
17.2091534683	41.8772032053	728.523	3.16199853509
17.2159176842	41.8846540154	729.523	3.11840779161
17.2226834778	41.8921044284	730.523	3.07461086927
17.2294508499	41.8995544442	731.523	3.03044491372
17.2362198012	41.9070040626	732.523	2.98585008896
17.2429903324	41.9144532833	733.523	2.94093970564
17.2497624441	41.9219021063	734.523	2.89561613724
17.2565361371	41.9293505313	735.523	2.84975370881
17.263311412	41.936798558	736.523	2.80324869905
17.2700882696	41.9442461864	737.523	2.75605992362
17.2768667106	41.9516934162	738.523	2.70828178598
17.2836467357	41.9591402472	739.523	2.65985542638
17.2904283455	41.9665866792	740.523	2.61068110835
17.2972115407	41.974032712	741.523	2.5607557738
17.3039963221	41.9814783455	742.523	2.50986803739
17.3107826904	41.9889235793	743.523	2.45760332643
17.3175706463	41.9963684134	744.523	2.40387362653
17.3243601904	42.0038128475	745.523	2.34889298405
17.3311513235	42.0112568814	746.523	2.29308378121
17.3379440462	42.0187005149	747.523	2.23691009936
17.3447383593	42.0261437479	748.523	2.18041356124
17.3515342635	42.0335865801	749.523	2.12389141665
17.3583317595	42.0410290113	750.523	2.06733692386
17.3651308479	42.0484710414	751.523	2.01081708399
17.3719315295	42.0559126701	752.523	1.95457728459
17.378733805	42.0633538972	753.523	1.89873530248
17.3855376751	42.0707947226	754.523	1.84345539987
17.3923431405	42.078235146	755.523	1.78853423772
17.3991502018	42.0856751673	756.523	1.73431682392
17.4059588599	42.0931147861	757.523	1.68128528739
17.4127691154	42.1005540025	758.523	1.62975978012
17.419580969	42.107992816	759.523	1.5795517752
17.4263944214	42.1154312266	760.523	1.53036991533
17.4332094733	42.122869234	761.523	1.48221091862
17.4400261255	42.1303068381	762.523	1.43529013335
17.4468443786	42.1377440386	763.523	1.38978210488
17.4536642333	42.1451808354	764.523	1.34550005995
17.4604856904	42.1526172282	765.523	1.30253806018
17.4673087506	42.1600532168	766.523	1.2610394177
17.4741334145	42.1674888011	767.523	1.22123912292
17.4809596829	42.1749239808	768.523	1.18308243725
17.4877875564	42.1823587557	769.523	1.14654548517
17.4946170359	42.1897931257	770.523	1.11174811505
17.501448122	42.1972270905	771.523	1.0787810174
17.5082808154	42.2046606499	772.523	1.04768446317
17.5151151167	42.2120938038	773.523	1.01833563834
17.5219510269	42.2195265519	774.523	0.990954120743
17.5287885464	42.2269588941	775.523	0.965762412291
17.5356276761	42.23439083	776.523	0.942927714373
17.5424684167	42.2418223596	777.523	0.922243025728
17.5493107689	42.2492534826	778.523	0.903678456594
17.5561547333	42.2566841989	779.523	0.887408325477
17.5630003107	42.2641145082	780.523	0.873599394021
17.5698475019	42.2715444102	781.523	0.862274694552
17.5766963074	42.2789739049	782.523	0.853019031271
17.5835467281	42.2864029921	783.523	0.84589719946
17.5903987647	42.2938316714	784.523	0.84124947856
17.5972524178	42.3012599427	785.523	0.839621007985
17.6041076881	42.3086878059	786.523	0.841439801491
17.6109645765	42.3161152607	787.523	0.846277977166
17.6178230836	42.3235423068	788.523	0.853464215482
17.6246832101	42.3309689442	789.523	0.862522447168
17.6315449567	42.3383951725	790.523	0.873372794167
17.6384083241	42.3458209917	791.523	0.886308450697
17.6452733132	42.3532464014	792.523	0.901144269188
17.6521399245	42.3606714016	793.523	0.917696940725
17.6590081588	42.3680959919	794.523	0.935857226633
17.6658780168	42.3755201722	795.523	0.95588228182
17.6727494992	42.3829439422	796.523	0.977646617944
17.6796226068	42.3903673019	797.523	1.00083286695
17.6864973403	42.3977902509	798.523	1.02566827584
17.6933737003	42.4052127891	799.523	1.05287184854
17.7002516877	42.4126349162	800.523	1.08316130794
17.707131303	42.4200566321	801.523	1.11591536759
17.7140125471	42.4274779366	802.523	1.15001849772
17.7208954207	42.4348988293	803.523	1.18457696796
17.7277799244	42.4423193103	804.523	1.21998130079
17.734666059	42.4497393792	805.523	1.25623539975
17.7415538252	42.4571590358	806.523	1.29304162338
17.7484432238	42.4645782799	807.523	1.32998371019
17.7553342554	42.4719971114	808.523	1.36691314588
17.7622269209	42.4794155299	809.523	1.40425328426
17.7691212208	42.4868335354	810.523	1.44179651505
17.7760171559	42.4942511276	811.523	1.47957681016
17.7829147269	42.5016683063	812.523	1.51704514932
17.7898139347	42.5090850713	813.523	1.55353237736
17.7967147798	42.5165014224	814.523	1.58894673957
17.803617263	42.5239173594	815.523	1.62367037745
17.8105213851	42.531332882	816.523	1.65853578726
17.8174271467	42.5387479902	817.523	1.69404847953
17.8243345486	42.5461626836	818.523	1.73003480899
17.8312435915	42.553576962	819.523	1.766797868
17.8381542761	42.5609908253	820.523	1.80454591536
17.8450666032	42.5684042733	821.523	1.84340952523
17.8519805734	42.5758173057	822.523	1.88324673103
17.8588961876	42.5832299223	823.523	1.92409524428
17.8658134464	42.5906421229	824.523	1.96613398336
17.8727323505	42.5980539074	825.523	2.00939565116
17.8796529007	42.6054652755	826.523	2.05404205708
17.8865750978	42.612876227	827.523	2.10052805623
17.8934989423	42.6202867617	828.523	2.14887231023
17.9004244352	42.6276968794	829.523	2.19877980619
17.907351577	42.6351065798	830.523	2.24979537319
17.9142803685	42.6425158629	831.523	2.30204663856
17.9212108105	42.6499247283	832.523	2.35540710426
17.9281429037	42.6573331759	833.523	2.40950873793
17.9350766487	42.6647412054	834.523	2.46397112094
17.94	42.67	835.233	2.50291806526
>  17.94, 42.67, -W1p,white
17.94	42.67	835.233	2.50291806526
17.9487795453	42.663738831	836.233	2.4713770148
17.9575573223	42.6574769918	837.233	2.43885514032
17.9663333315	42.6512144825	838.233	2.40515121497
17.9751075735	42.6449513035	839.233	2.37048403825
17.9838800489	42.6386874551	840.233	2.33519348983
17.9926507582	42.6324229376	841.233	2.29931031353
18.0014197019	42.6261577511	842.233	2.26273110872
18.0101868807	42.6198918961	843.233	2.22549991397
18.0189522951	42.6136253727	844.233	2.18786712066
18.0277159455	42.6073581814	845.233	2.15009675991
18.0364778327	42.6010903222	846.233	2.1124616231
18.0452379571	42.5948217956	847.233	2.07502179455
18.0539963193	42.5885526019	848.233	2.0379628446
18.0627529198	42.5822827412	849.233	2.00155825799
18.0715077592	42.5760122138	850.233	1.96593689004
18.0802608381	42.5697410202	851.233	1.93102082993
18.089012157	42.5634691605	852.233	1.89692758233
18.0977617164	42.5571966349	853.233	1.86369373792
18.1065095169	42.5509234439	854.233	1.83123460718
18.1152555592	42.5446495877	855.233	1.79934430846
18.1239998436	42.5383750665	856.233	1.76777565195
18.1327423708	42.5320998806	857.233	1.73631601445
18.1414831413	42.5258240304	858.233	1.70488612793
18.1502221557	42.519547516	859.233	1.67343552394
18.1589594146	42.5132703378	860.233	1.64173806134
18.1676949184	42.5069924961	861.233	1.60956951877
18.1764286678	42.5007139911	862.233	1.57708970183
18.1851606632	42.4944348231	863.233	1.54393291909
18.1938909053	42.4881549924	864.233	1.50940225945
18.2026193946	42.4818744993	865.233	1.47330433543
18.2113461317	42.475593344	866.233	1.43608274284
18.220071117	42.4693115269	867.233	1.39844337902
18.2287943513	42.4630290481	868.233	1.36071864109
18.2375158349	42.4567459081	869.233	1.32274234975
18.2462355684	42.450462107	870.233	1.28452268587
18.2549535525	42.4441776451	871.233	1.24624596455
18.2636697877	42.4378925227	872.233	1.20793787873
18.2723842745	42.4316067402	873.233	1.16949532535
18.2810970134	42.4253202977	874.233	1.13096051339
18.2898080051	42.4190331956	875.233	1.09216151951
18.29851725	42.4127454341	876.233	1.05240511154
18.3072247487	42.4064570135	877.233	1.01065311495
18.3159305019	42.400167934	878.233	0.966654698298
18.32463451	42.3938781961	879.233	0.92091912138
18.33	42.39	879.85	0.892240689631
>  18.33, 42.39, -W1p,black
18.33	42.39	879.85	0.892240689631
18.336643965	42.3975366752	880.85	0.961883759855
18.343289526	42.4050729666	881.85	1.03294409792
18.3499366838	42.4126088741	882.85	1.10620099877
18.3565854391	42.4201443976	883.85	1.18204304634
18.3632357926	42.4276795367	884.85	1.26063821612
18.3698877451	42.4352142913	885.85	1.3419240078
18.3765412973	42.4427486613	886.85	1.42614523818
18.3831964499	42.4502826464	887.85	1.51348885781
18.3898532036	42.4578162464	888.85	1.60379152146
18.3965115591	42.4653494611	889.85	1.69675843735
18.4031715173	42.4728822903	890.85	1.79235236218
18.4098330788	42.480414734	891.85	1.8913885508
18.4164962443	42.4879467917	892.85	1.99385291257
18.4231610145	42.4954784634	893.85	2.09884939388
18.4298273903	42.5030097489	894.85	2.20464502145
18.4364953723	42.5105406479	895.85	2.31036764763
18.4431649612	42.5180711603	896.85	2.41544721006
18.4498361578	42.5256012858	897.85	2.51833587323
18.4565089629	42.5331310244	898.85	2.61763100489
18.463183377	42.5406603757	899.85	2.71286852194
18.4698594011	42.5481893396	900.85	2.80376871778
18.4765370357	42.5557179159	901.85	2.89068921191
18.4832162817	42.5632461044	902.85	2.97304950643
18.4898971397	42.5707739048	903.85	3.05048432509
18.4965796105	42.5783013171	904.85	3.12345778581
18.5032636948	42.585828341	905.85	3.19040942323
18.5099493934	42.5933549763	906.85	3.24988481386
18.516636707	42.6008812228	907.85	3.30165284361
18.5233256363	42.6084070804	908.85	3.34644730071
18.5300161821	42.6159325487	909.85	3.3866993944
18.536708345	42.6234576277	910.85	3.4243725396
18.5434021259	42.6309823171	911.85	3.45998229849
18.5500975254	42.6385066167	912.85	3.49376396225
18.5567945443	42.6460305264	913.85	3.52445904747
18.5634931833	42.6535540459	914.85	3.55336894596
18.5701934432	42.661077175	915.85	3.58189130816
18.5768953247	42.6685999136	916.85	3.61079359913
18.5835988285	42.6761222614	917.85	3.63858719477
18.5903039553	42.6836442183	918.85	3.66580039102
18.597010706	42.691165784	919.85	3.69485364947
18.6037190812	42.6986869584	920.85	3.72860492757
18.6104290817	42.7062077412	921.85	3.7680437839
18.6171407082	42.7137281323	922.85	3.81105719657
18.6238539614	42.7212481314	923.85	3.85584281914
18.6305688422	42.7287677384	924.85	3.90135910194
18.6372853511	42.736286953	925.85	3.94748813964
18.6440034891	42.7438057751	926.85	3.99478555789
18.6507232567	42.7513242045	927.85	4.04302657892
18.6574446547	42.7588422409	928.85	4.09187821267
18.664167684	42.7663598842	929.85	4.14109933829
18.6708923452	42.7738771342	930.85	4.19075836381
18.677618639	42.7813939906	931.85	4.24096061741
18.6843465663	42.7889104533	932.85	4.29149382488
18.6910761277	42.7964265221	933.85	4.3420773154
18.6978073239	42.8039421967	934.85	4.39248417354
18.7045401558	42.811457477	935.85	4.44287628914
18.7112746241	42.8189723628	936.85	4.49361477695
18.7180107295	42.8264868539	937.85	4.54509639052
18.7247484727	42.83400095	938.85	4.59763637964
18.7314878546	42.841514651	939.85	4.65155797609
18.7382288758	42.8490279566	940.85	4.70710180736
18.744971537	42.8565408668	941.85	4.7644322443
18.7517158391	42.8640533812	942.85	4.82354561985
18.7584617828	42.8715654996	943.85	4.88439442859
18.7652093688	42.879077222	944.85	4.94725902355
18.7719585979	42.886588548	945.85	5.01196691233
18.7787094707	42.8940994775	946.85	5.07825901318
18.7854619882	42.9016100102	947.85	5.14556868073
18.7922161509	42.909120146	948.85	5.21368352251
18.7989719597	42.9166298847	949.85	5.28227301048
18.8057294153	42.924139226	950.85	5.35086453224
18.8124885184	42.9316481698	951.85	5.41920844323
18.8192492698	42.9391567159	952.85	5.48720173026
18.8260116702	42.946664864	953.85	5.55471960186
18.8327757205	42.954172614	954.85	5.62150855906
18.8395414212	42.9616799656	955.85	5.68728990524
18.8463087733	42.9691869187	956.85	5.75185086229
18.8530777774	42.976693473	957.85	5.81544597263
18.8598484342	42.9841996284	958.85	5.87819484422
18.8666207446	42.9917053846	959.85	5.94042602789
18.8733947093	42.9992107415	960.85	6.00253753023
18.8801703291	43.0067156988	961.85	6.06516247205
18.8869476046	43.0142202564	962.85	6.12904541704
18.8937265366	43.021724414	963.85	6.19456249325
18.9005071259	43.0292281714	964.85	6.26168968578
18.9072893733	43.0367315285	965.85	6.33029273408
18.9140732795	43.044234485	966.85	6.4010548382
18.9208588452	43.0517370407	967.85	6.47392773825
18.9276460712	43.0592391954	968.85	6.54841238501
18.9344349583	43.066740949	969.85	6.62370473315
18.9412255071	43.0742423012	970.85	6.70025969258
18.9480177185	43.0817432517	971.85	6.77857217502
18.9548115933	43.0892438005	972.85	6.85758826251
18.9616071321	43.0967439473	973.85	6.93565084887
18.9684043357	43.1042436919	974.85	7.01054097489
18.975203205	43.1117430341	975.85	7.08219417568
18.9820037405	43.1192419737	976.85	7.14940283582
18.9888059432	43.1267405105	977.85	7.21140832034
18.9956098136	43.1342386442	978.85	7.26933687819
19.0024153527	43.1417363747	979.85	7.32255856171
19.0092225612	43.1492337018	980.85	7.37112163616
19.0160314398	43.1567306253	981.85	7.41666010666
19.0228419892	43.1642271449	982.85	7.46043760137
19.0296542103	43.1717232605	983.85	7.50298737773
19.0364681038	43.1792189719	984.85	7.54314606798
19.0432836705	43.1867142788	985.85	7.58095942669
19.050100911	43.194209181	986.85	7.61730908968
19.0569198263	43.2017036784	987.85	7.65336994634
19.0637404169	43.2091977707	988.85	7.68988735986
19.0705626838	43.2166914577	989.85	7.72694067133
19.0773866276	43.2241847393	990.85	7.76413376708
19.0842122491	43.2316776151	991.85	7.80164259653
19.0910395492	43.2391700851	992.85	7.83943972651
19.0978685284	43.246662149	993.85	7.87820500908
19.1046991876	43.2541538066	994.85	7.91680302008
19.1115315277	43.2616450576	995.85	7.95366496591
19.1183655492	43.269135902	996.85	7.98765596832
19.125201253	43.2766263394	997.85	8.01955182659
19.1320386399	43.2841163697	998.85	8.0492626147
19.1388777106	43.2916059926	999.85	8.07652042951
19.1457184659	43.299095208	1000.85	8.10033790153
19.1525609065	43.3065840157	1001.85	8.12003588894
19.1594050332	43.3140724154	1002.85	8.13579153517
19.1662508468	43.3215604069	1003.85	8.14827416223
19.1730983481	43.32904799	1004.85	8.15843495352
19.1799475377	43.3365351646	1005.85	8.16676314678
19.1867984166	43.3440219304	1006.85	8.17180240928
19.1936509854	43.3515082871	1007.85	8.17450721718
19.2005052448	43.3589942347	1008.85	8.1768014341
19.2073611958	43.3664797729	1009.85	8.18065359661
19.214218839	43.3739649014	1010.85	8.18617129497
19.2210781752	43.3814496201	1011.85	8.19363909416
19.2279392052	43.3889339288	1012.85	8.20422900359
19.2348019297	43.3964178272	1013.85	8.21752261061
19.2416663496	43.4039013152	1014.85	8.23335505795
19.2485324655	43.4113843925	1015.85	8.25120297308
19.2554002783	43.4188670589	1016.85	8.26983643611
19.2622697887	43.4263493142	1017.85	8.28829116008
19.2691409975	43.4338311583	1018.85	8.3057344503
19.2760139055	43.4413125908	1019.85	8.32228159711
19.2828885135	43.4487936116	1020.85	8.3379744562
19.2897648221	43.4562742205	1021.85	8.35198718365
19.2966428322	43.4637544173	1022.85	8.36351677271
19.3035225446	43.4712342018	1023.85	8.37203878273
19.31040396	43.4787135737	1024.85	8.37750469827
19.3172870792	43.4861925328	1025.85	8.37899693237
19.324171903	43.493671079	1026.85	8.3763870594
19.33	43.5	1027.7	8.37161871719
>  19.33, 43.50, -W1p,cyan
19.33	43.5	1027.7	8.37161871719
19.3423975606	43.5000780898	1028.7	8.36676853283
19.3547951529	43.5001548401	1029.7	8.36249423469
19.3671927766	43.500230251	1030.7	8.3594757387
19.3795904309	43.5003043225	1031.7	8.35704139086
19.3919881153	43.5003770544	1032.7	8.35638383008
19.4043858294	43.5004484469	1033.7	8.3606862305
19.4167835725	43.5005184999	1034.7	8.3709534581
19.4291813441	43.5005872135	1035.7	8.38339478349
19.4415791436	43.5006545875	1036.7	8.39493855828
19.4539769705	43.500720622	1037.7	8.40680035899
19.4663748243	43.5007853171	1038.7	8.41789703708
19.4787727044	43.5008486726	1039.7	8.42797097532
19.4911706102	43.5009106886	1040.7	8.43702903567
19.5035685412	43.5009713651	1041.7	8.44394921379
19.5159664968	43.501030702	1042.7	8.4481537138
19.5283644766	43.5010886994	1043.7	8.45122178559
19.5407624799	43.5011453573	1044.7	8.45453400817
19.5531605061	43.5012006756	1045.7	8.45750029956
19.5655585549	43.5012546544	1046.7	8.46134995232
19.5779566255	43.5013072936	1047.7	8.46664989027
19.5903547175	43.5013585933	1048.7	8.47312894499
19.6027528302	43.5014085534	1049.7	8.481438961
19.6151509632	43.501457174	1050.7	8.49162180569
19.6275491159	43.5015044549	1051.7	8.50358214862
19.6399472878	43.5015503963	1052.7	8.51741568688
19.6523454782	43.5015949981	1053.7	8.53317274211
19.6647436867	43.5016382604	1054.7	8.55043649203
19.6771419127	43.501680183	1055.7	8.56872880687
19.6895401556	43.501720766	1056.7	8.5883594379
19.7019384149	43.5017600095	1057.7	8.61028827457
19.71433669	43.5017979133	1058.7	8.63566122068
19.7267349805	43.5018344776	1059.7	8.66243232569
19.7391332857	43.5018697022	1060.7	8.68790441226
19.7515316051	43.5019035872	1061.7	8.71277925428
19.7639299381	43.5019361326	1062.7	8.73634533991
19.7763282842	43.5019673384	1063.7	8.7576355209
19.7887266429	43.5019972046	1064.7	8.77711328865
19.8011250135	43.5020257312	1065.7	8.79570457893
19.8135233956	43.5020529181	1066.7	8.81405274095
19.8259217886	43.5020787654	1067.7	8.83127260396
19.8383201919	43.5021032731	1068.7	8.84611910234
19.850718605	43.5021264411	1069.7	8.85853523612
19.8631170274	43.5021482695	1070.7	8.86928602886
19.8755154584	43.5021687583	1071.7	8.87852189316
19.8879138976	43.5021879074	1072.7	8.88608673755
19.9003123444	43.5022057169	1073.7	8.89413752243
19.9127107982	43.5022221868	1074.7	8.90396120594
19.9251092585	43.502237317	1075.7	8.91423043729
19.9375077247	43.5022511076	1076.7	8.92340120324
19.9499061964	43.5022635585	1077.7	8.93182121127
19.9623046728	43.5022746698	1078.7	8.93889696145
19.9747031536	43.5022844414	1079.7	8.94424191508
19.9871016381	43.5022928734	1080.7	8.94829019968
19.9995001258	43.5022999657	1081.7	8.94800296633
20.0118986161	43.5023057184	1082.7	8.94109220099
20.0242971085	43.5023101315	1083.7	8.92957161887
20.0366956025	43.5023132049	1084.7	8.91645476572
20.0490940974	43.5023149386	1085.7	8.90162928058
20.0614925928	43.5023153327	1086.7	8.88513565006
20.073891088	43.5023143871	1087.7	8.86761080732
20.0862895826	43.5023121019	1088.7	8.84882033864
20.098688076	43.502308477	1089.7	8.82908550167
20.1110865676	43.5023035125	1090.7	8.80829523971
20.1234850569	43.5022972084	1091.7	8.78665390859
20.1358835434	43.5022895645	1092.7	8.76545834843
20.1482820264	43.5022805811	1093.7	8.74425499633
20.1606805055	43.502270258	1094.7	8.72404052614
20.17307898	43.5022585952	1095.7	8.70605380334
20.1854774495	43.5022455928	1096.7	8.68913928624
20.1978759134	43.5022312508	1097.7	8.67745203007
20.2102743711	43.5022155691	1098.7	8.67501435795
20.222672822	43.5021985477	1099.7	8.6794923627
20.2350712658	43.5021801868	1100.7	8.68591569673
20.2474697017	43.5021604862	1101.7	8.69394122758
20.2598681292	43.5021394459	1102.7	8.70351142162
20.2722665478	43.502117066	1103.7	8.71287933943
20.284664957	43.5020933465	1104.7	8.72272658945
20.2970633561	43.5020682874	1105.7	8.73166057596
20.3094617447	43.5020418886	1106.7	8.73844304905
20.3218601221	43.5020141502	1107.7	8.74363568234
20.3342584879	43.5019850722	1108.7	8.74703833616
20.3466568414	43.5019546545	1109.7	8.74862878444
20.3590551822	43.5019228973	1110.7	8.74839171041
20.3714535097	43.5018898004	1111.7	8.74607788161
20.3838518233	43.5018553639	1112.7	8.74127437792
20.3962501225	43.5018195878	1113.7	8.7353750764
20.4086484067	43.5017824721	1114.7	8.72998017034
20.4210466754	43.5017440168	1115.7	8.72458355636
20.433444928	43.5017042219	1116.7	8.71709775681
20.4458431641	43.5016630874	1117.7	8.706697962
20.4582413829	43.5016206133	1118.7	8.69402010593
20.470639584	43.5015767997	1119.7	8.67908614469
20.4830377669	43.5015316464	1120.7	8.66129245428
20.4954359309	43.5014851536	1121.7	8.6422354601
20.5078340755	43.5014373211	1122.7	8.6235848639
20.5202322003	43.5013881492	1123.7	8.60477336105
20.5326303046	43.5013376376	1124.7	8.58588576659
20.5450283878	43.5012857865	1125.7	8.56650921964
20.5574264495	43.5012325958	1126.7	8.54718625051
20.569824489	43.5011780656	1127.7	8.52973523296
20.5822225059	43.5011221958	1128.7	8.5132542242
20.5946204996	43.5010649865	1129.7	8.49973587899
20.6070184695	43.5010064377	1130.7	8.49221017721
20.619416415	43.5009465493	1131.7	8.4901240879
20.6318143358	43.5008853214	1132.7	8.49177928048
20.644212231	43.500822754	1133.7	8.49641145908
20.6566101003	43.5007588471	1134.7	8.50441894574
20.6690079431	43.5006936006	1135.7	8.51535446778
20.6814057588	43.5006270147	1136.7	8.52920726326
20.6938035469	43.5005590892	1137.7	8.54597723503
20.7062013069	43.5004898243	1138.7	8.56579950382
20.7185990381	43.5004192198	1139.7	8.58922193979
20.73099674	43.500347276	1140.7	8.61368368626
20.7433944121	43.5002739926	1141.7	8.63803354378
20.7557920539	43.5001993697	1142.7	8.66273553752
20.7681896647	43.5001234075	1143.7	8.68464962343
20.780587244	43.5000461057	1144.7	8.70514468012
20.7929847914	43.4999674645	1145.7	8.72130593992
20.8053823061	43.4998874839	1146.7	8.72656938719
20.8177797877	43.4998061638	1147.7	8.72037648191
20.8301772357	43.4997235044	1148.7	8.70866740761
20.8425746495	43.4996395055	1149.7	8.69532158633
20.8549720284	43.4995541672	1150.7	8.67860204575
20.8673693721	43.4994674895	1151.7	8.66041324852
20.8797666799	43.4993794724	1152.7	8.64197035547
20.8921639513	43.4992901159	1153.7	8.62184577905
20.9045611857	43.4991994201	1154.7	8.59802096825
20.9169583825	43.4991073849	1155.7	8.56929999751
20.9293555413	43.4990140103	1156.7	8.53991924836
20.9417526615	43.4989192964	1157.7	8.51351813448
20.9541497426	43.4988232431	1158.7	8.48867404707
20.9665467839	43.4987258505	1159.7	8.46609474869
20.9789437849	43.4986271186	1160.7	8.44716454826
20.9913407451	43.4985270474	1161.7	8.43027624537
21.003737664	43.4984256369	1162.7	8.41187698068
21.0161345409	43.498322887	1163.7	8.39087927889
21.0285313754	43.4982187979	1164.7	8.37059783096
21.0409281668	43.4981133695	1165.7	8.35410186201
21.0533249147	43.4980066019	1166.7	8.3405238009
21.0657216185	43.4978984949	1167.7	8.32905920226
21.0781182776	43.4977890488	1168.7	8.32047597658
21.0905148915	43.4976782634	1169.7	8.3137548734
21.1029114596	43.4975661387	1170.7	8.30465026625
21.1153079815	43.4974526749	1171.7	8.29193756146
21.1277044564	43.4973378718	1172.7	8.27832558151
21.140100884	43.4972217296	1173.7	8.26618956999
21.1524972635	43.4971042481	1174.7	8.25490443654
21.1648935946	43.4969854275	1175.7	8.24447568589
21.1772898766	43.4968652677	1176.7	8.23484950899
21.189686109	43.4967437688	1177.7	8.22612014812
21.2020822912	43.4966209307	1178.7	8.21918242238
21.2144784228	43.4964967535	1179.7	8.21493193278
21.226874503	43.4963712372	1180.7	8.21173544156
21.2392705315	43.4962443817	1181.7	8.2075049166
21.2516665076	43.4961161872	1182.7	8.20271053576
21.2640624308	43.4959866536	1183.7	8.19720797613
21.2764583005	43.4958557809	1184.7	8.18976627274
21.2888541163	43.4957235691	1185.7	8.18107189628
21.3012498775	43.4955900183	1186.7	8.17581363259
21.3136455835	43.4954551285	1187.7	8.17696527142
21.326041234	43.4953188996	1188.7	8.18031088614
21.3384368282	43.4951813317	1189.7	8.18047524605
21.3508323657	43.4950424248	1190.7	8.17800919772
21.3632278458	43.494902179	1191.7	8.1737785542
21.3756232681	43.4947605941	1192.7	8.16662088786
21.3880186321	43.4946176703	1193.7	8.15676567193
21.400413937	43.4944734076	1194.7	8.15148699386
21.4128091825	43.4943278059	1195.7	8.15556412539
21.425204368	43.4941808653	1196.7	8.16360866682
21.4375994928	43.4940325857	1197.7	8.16841353604
21.4499945565	43.4938829673	1198.7	8.17041106173
21.4623895585	43.49373201	1199.7	8.17030146854
21.4747844982	43.4935797139	1200.7	8.16708218154
21.4871793752	43.4934260788	1201.7	8.16077389587
21.4995741888	43.493271105	1202.7	8.15519436896
21.5119689386	43.4931147923	1203.7	8.15291942456
21.5243636239	43.4929571408	1204.7	8.15166746467
21.5367582442	43.4927981505	1205.7	8.14833569515
21.549152799	43.4926378214	1206.7	8.14253964314
21.5615472877	43.4924761535	1207.7	8.13551635201
21.5739417097	43.4923131469	1208.7	8.12740090426
21.5863360646	43.4921488016	1209.7	8.1174366421
21.5987303517	43.4919831175	1210.7	8.11051499721
21.6111245706	43.4918160948	1211.7	8.11046106099
21.6235187207	43.4916477333	1212.7	8.11447710412
21.6359128013	43.4914780331	1213.7	8.11825725409
21.6483068121	43.4913069943	1214.7	8.12118428398
21.6607007523	43.4911346169	1215.7	8.12440190535
21.6730946216	43.4909609008	1216.7	8.12773599466
21.6854884192	43.4907858461	1217.7	8.130231495
21.6978821448	43.4906094528	1218.7	8.1368196337
21.7102757977	43.4904317209	1219.7	8.15188326871
21.7226693774	43.4902526504	1220.7	8.17282736327
21.7350628833	43.4900722414	1221.7	8.19473949155
21.74	43.49	1222.1	8.20338151126
>  21.74, 43.49, -W1p,yellow
21.74	43.49	1222.1	8.20338151126
21.7506105414	43.4946502488	1223.1	8.22148236202
21.7612227168	43.4992995164	1224.1	8.24296488257
21.7718365265	43.5039478024	1225.1	8.26686031968
21.7824519707	43.5085951064	1226.1	8.29247677176
21.7930690495	43.5132414283	1227.1	8.3200312726
21.803687763	43.5178867677	1228.1	8.34952535302
21.8143081115	43.5225311242	1229.1	8.38037679636
21.8249300952	43.5271744976	1230.1	8.41128559023
21.8355537141	43.5318168876	1231.1	8.44128800208
21.8461789685	43.5364582937	1232.1	8.47056493752
21.8568058585	43.5410987159	1233.1	8.49871185737
21.8674343844	43.5457381536	1234.1	8.52489352033
21.8780645462	43.5503766067	1235.1	8.54926700192
21.8886963442	43.5550140747	1236.1	8.57170952425
21.8993297785	43.5596505574	1237.1	8.59165081784
21.9099648492	43.5642860545	1238.1	8.60921434495
21.9206015567	43.5689205657	1239.1	8.62490859013
21.9312399009	43.5735540906	1240.1	8.63854290424
21.9418798822	43.578186629	1241.1	8.65013694164
21.9525215006	43.5828181805	1242.1	8.65998098801
21.9631647563	43.5874487448	1243.1	8.66757461614
21.9738096495	43.5920783216	1244.1	8.67274784849
21.9844561804	43.5967069106	1245.1	8.6759644144
21.9951043491	43.6013345114	1246.1	8.6757024443
22.0057541559	43.6059611239	1247.1	8.67035855524
22.0164056007	43.6105867476	1248.1	8.66044681606
22.027058684	43.6152113823	1249.1	8.6476465172
22.0377134057	43.6198350275	1250.1	8.63308742681
22.0483697661	43.6244576831	1251.1	8.61643138664
22.0590277653	43.6290793488	1252.1	8.59795196441
22.0696874035	43.6337000241	1253.1	8.5780323583
22.0803486808	43.6383197088	1254.1	8.55658211343
22.0910115975	43.6429384025	1255.1	8.53396518742
22.1016761537	43.6475561051	1256.1	8.51035473814
22.1123423495	43.6521728161	1257.1	8.48501453409
22.1230101852	43.6567885352	1258.1	8.45798562504
22.1336796608	43.6614032621	1259.1	8.43014103462
22.1443507766	43.6660169966	1260.1	8.40143690413
22.1550235327	43.6706297382	1261.1	8.3720297259
22.1656979293	43.6752414867	1262.1	8.34327858395
22.1763739665	43.6798522418	1263.1	8.3158552404
22.1870516445	43.6844620032	1264.1	8.28954747427
22.1977309635	43.6890707705	1265.1	8.26264392192
22.2084119236	43.6936785434	1266.1	8.23200531513
22.219094525	43.6982853217	1267.1	8.19725594243
22.2297787678	43.702891105	1268.1	8.16185241378
22.2404646523	43.7074958929	1269.1	8.12883316033
22.2511521785	43.7120996853	1270.1	8.09712065785
22.2618413467	43.7167024817	1271.1	8.06776699466
22.2725321569	43.7213042819	1272.1	8.04161158722
22.2832246094	43.7259050855	1273.1	8.01804237555
22.2939187044	43.7305048922	1274.1	7.99720848469
22.3046144419	43.7351037018	1275.1	7.97914484043
22.3153118221	43.7397015139	1276.1	7.96381738729
22.3260108452	43.7442983281	1277.1	7.94952182602
22.3367115114	43.7488941442	1278.1	7.93473287008
22.3474138209	43.7534889619	1279.1	7.92035756266
22.3581177736	43.7580827808	1280.1	7.90516631462
22.36882337	43.7626756007	1281.1	7.88724866555
22.37953061	43.7672674212	1282.1	7.86743354647
22.3902394938	43.771858242	1283.1	7.845225431
22.4009500217	43.7764480628	1284.1	7.81867580746
22.4116621937	43.7810368832	1285.1	7.78673522578
22.4223760101	43.7856247031	1286.1	7.74995168317
22.4330914709	43.7902115219	1287.1	7.7093731036
22.4438085764	43.7947973396	1288.1	7.66569006513
22.4545273267	43.7993821556	1289.1	7.6191557423
22.4652477219	43.8039659697	1290.1	7.57090100964
22.4759697622	43.8085487817	1291.1	7.52134615132
22.4866934478	43.8131305911	1292.1	7.4709227321
22.4974187788	43.8177113977	1293.1	7.4213394655
22.5081457554	43.8222912011	1294.1	7.37354451058
22.5188743777	43.8268700011	1295.1	7.32699974173
22.5296046459	43.8314477973	1296.1	7.28175281219
22.5403365602	43.8360245894	1297.1	7.23802464955
22.5510701206	43.8406003771	1298.1	7.19616901663
22.5618053274	43.8451751601	1299.1	7.15678669654
22.5725421807	43.849748938	1300.1	7.12006639082
22.5832806806	43.8543217106	1301.1	7.08565276115
22.5940208273	43.8588934775	1302.1	7.05367215043
22.604762621	43.8634642384	1303.1	7.02387468389
22.6155060619	43.8680339931	1304.1	6.99555043776
22.62625115	43.8726027411	1305.1	6.96841688175
22.6369978855	43.8771704822	1306.1	6.94242609976
22.6477462686	43.8817372161	1307.1	6.91761134395
22.6584962994	43.8863029424	1308.1	6.89359348432
22.6692479781	43.8908676608	1309.1	6.87005806783
22.6800013048	43.8954313711	1310.1	6.84739291923
22.6907562797	43.8999940728	1311.1	6.82487414239
22.7015129029	43.9045557657	1312.1	6.80132682877
22.7122711746	43.9091164495	1313.1	6.77652642326
22.7230310949	43.9136761239	1314.1	6.7514688322
22.7337926641	43.9182347885	1315.1	6.7270325274
22.7445558821	43.922792443	1316.1	6.70330859497
22.7553207492	43.9273490871	1317.1	6.68015516043
22.7660872656	43.9319047205	1318.1	6.65770170538
22.7768554314	43.9364593429	1319.1	6.63595263782
22.7876252466	43.9410129539	1320.1	6.61489747544
22.7983967116	43.9455655533	1321.1	6.59461490686
22.8091698263	43.9501171407	1322.1	6.57517922744
22.8199445911	43.9546677158	1323.1	6.55652358015
22.830721006	43.9592172783	1324.1	6.53846539845
22.8414990711	43.9637658279	1325.1	6.52086509106
22.8522787866	43.9683133642	1326.1	6.50373170535
22.8630601528	43.972859887	1327.1	6.48704041642
22.8738431696	43.977405396	1328.1	6.4707112495
22.88	43.98	1328.67	6.46151156665
