>  Running time: 2022-04-27_17:52:25
>  A(9.99 39.94) B(14.55 39.93) 0
9.99 39.94 0 -1474.61481612
10.0017265109 39.9402034801 1 -1502.66954461
10.0134530914 39.9404057788 2 -1530.16755944
10.025179741 39.9406068962 3 -1571.29787955
10.0369064594 39.9408068322 4 -1600.81133689
10.0486332461 39.9410055868 5 -1621.18751002
10.0603601007 39.94120316 6 -1641.57839725
10.0720870228 39.9413995518 7 -1664.53411062
10.083814012 39.9415947621 8 -1683.46678096
10.095541068 39.941788791 9 -1693.99039917
10.1072681902 39.9419816384 10 -1702.30084006
10.1189953784 39.9421733043 11 -1713.18512479
10.130722632 39.9423637887 12 -1628.14107773
10.1424499508 39.9425530916 13 -1516.4690508
10.1541773342 39.942741213 14 -1564.60918466
10.1659047819 39.9429281528 15 -1523.58490057
10.1776322935 39.9431139111 16 -1433.61331761
10.1893598686 39.9432984878 17 -1550.9568545
10.2010875068 39.9434818829 18 -1782.10223228
10.2128152076 39.9436640964 19 -1857.65878707
10.2245429707 39.9438451283 20 -1868.80726784
10.2362707956 39.9440249786 21 -2098.82246964
10.247998682 39.9442036472 22 -2323.0550516
10.2597266295 39.9443811342 23 -2380.75885185
10.2714546376 39.9445574395 24 -2360.14607211
10.2831827059 39.9447325631 25 -2286.13899577
10.2949108341 39.9449065051 26 -2237.83430204
10.3066390217 39.9450792653 27 -2190.82777085
10.3183672684 39.9452508438 28 -2077.09394621
10.3300955736 39.9454212406 29 -2035.62355449
10.3418239371 39.9455904556 30 -2184.71939223
10.3535523584 39.9457584889 31 -2270.87734701
10.3652808371 39.9459253404 32 -2300.90666698
10.3770093728 39.9460910101 33 -2318.88220302
10.3887379651 39.946255498 34 -2304.05100456
10.4004666137 39.9464188041 35 -2326.43952871
10.412195318 39.9465809283 36 -2353.03454007
10.4239240777 39.9467418708 37 -2361.7301374
10.4356528923 39.9469016313 38 -2362.8951433
10.4473817616 39.9470602101 39 -2370.46712359
10.459110685 39.9472176069 40 -2371.83721341
10.4708396622 39.9473738219 41 -2364.76401405
10.4825686928 39.9475288549 42 -2368.55721439
10.4942977763 39.9476827061 43 -2372.46418898
10.5060269124 39.9478353753 44 -2369.8842765
10.5177561006 39.9479868626 45 -2380.69597832
10.5294853406 39.948137168 46 -2398.04990326
10.5412146319 39.9482862914 47 -2468.90477131
10.5529439741 39.9484342328 48 -2476.8584801
10.5646733669 39.9485809923 49 -2495.53558924
10.5764028098 39.9487265698 50 -2524.39862115
10.5881323024 39.9488709652 51 -2532.59492746
10.5998618443 39.9490141787 52 -2531.85171637
10.6115914352 39.9491562101 53 -2533.23178851
10.6233210745 39.9492970595 54 -2537.86714366
10.635050762 39.9494367269 55 -2546.97497024
10.6467804972 39.9495752122 56 -2553.70943611
10.6585102796 39.9497125154 57 -2563.11237117
10.6702401089 39.9498486366 58 -2576.0402817
10.6819699847 39.9499835756 59 -2576.78594595
10.6936999066 39.9501173326 60 -2581.88972473
10.7054298742 39.9502499075 61 -2591.20460748
10.717159887 39.9503813003 62 -2602.37465022
10.7288899447 39.9505115109 63 -2605.46135047
10.7406200468 39.9506405394 64 -2612.50876194
10.752350193 39.9507683857 65 -2661.33526856
10.7640803828 39.9508950499 66 -2725.51269657
10.7758106159 39.9510205319 67 -2761.40194006
10.7875408918 39.9511448318 68 -2762.49484924
10.7992712102 39.9512679494 69 -2757.16340654
10.8110015706 39.9513898849 70 -2759.25498353
10.8227319725 39.9515106381 71 -2759.90485951
10.8344624157 39.9516302092 72 -2770.44082945
10.8461928998 39.951748598 73 -2768.04747566
10.8579234242 39.9518658046 74 -2770.9108672
10.8696539886 39.951981829 75 -2779.16813956
10.8813845926 39.9520966711 76 -2770.81610007
10.8931152358 39.9522103309 77 -2753.92026663
10.9048459178 39.9523228085 78 -2740.88297567
10.9165766382 39.9524341038 79 -2749.96239108
10.9283073965 39.9525442168 80 -2733.14886852
10.9400381924 39.9526531475 81 -2731.49546149
10.9517690255 39.9527608959 82 -2708.07445632
10.9634998953 39.9528674621 83 -2723.90588471
10.9752308015 39.9529728459 84 -2733.95883321
10.9869617436 39.9530770473 85 -2762.34934678
10.9986927213 39.9531800665 86 -2744.88953913
11.0104237341 39.9532819033 87 -2746.9649306
11.0221547816 39.9533825577 88 -2768.48494789
11.0338858635 39.9534820298 89 -2773.13982775
11.0456169792 39.9535803195 90 -2770.99315884
11.0573481285 39.9536774269 91 -2774.38019225
11.0690793109 39.9537733519 92 -2822.95172393
11.080810526 39.9538680945 93 -2840.35967901
11.0925417734 39.9539616547 94 -2842.26917734
11.1042730527 39.9540540325 95 -2842.37094547
11.1160043635 39.9541452278 96 -2847.97762777
11.1277357054 39.9542352408 97 -2859.60360537
11.1394670779 39.9543240714 98 -2866.05869479
11.1511984807 39.9544117195 99 -2865.08175177
11.1629299134 39.9544981852 100 -2874.88488277
11.1746613756 39.9545834684 101 -2884.83711992
11.1863928667 39.9546675692 102 -2888.68744893
11.1981243866 39.9547504876 103 -2899.08576841
11.2098559347 39.9548322234 104 -2902.24046958
11.2215875106 39.9549127769 105 -2898.71361771
11.233319114 39.9549921478 106 -2901.59352404
11.2450507444 39.9550703363 107 -2895.03151937
11.2567824014 39.9551473422 108 -3005.04146781
11.2685140846 39.9552231657 109 -3034.81944377
11.2802457936 39.9552978067 110 -2962.27421905
11.2919775281 39.9553712652 111 -2979.26890521
11.3037092875 39.9554435411 112 -2959.23481098
11.3154410715 39.9555146346 113 -2937.52693912
11.3271728797 39.9555845455 114 -2910.29116176
11.3389047117 39.955653274 115 -2920.19823239
11.3506365671 39.9557208198 116 -2927.07108015
11.3623684455 39.9557871832 117 -2938.46447169
11.3741003464 39.955852364 118 -2956.35154303
11.3858322695 39.9559163623 119 -2957.48524511
11.3975642143 39.955979178 120 -2937.32705945
11.4092961805 39.9560408111 121 -2916.52634978
11.4210281676 39.9561012617 122 -2952.48605699
11.4327601753 39.9561605298 123 -3048.4749092
11.4444922031 39.9562186152 124 -3087.50631759
11.4562242506 39.9562755181 125 -3127.69690825
11.4679563174 39.9563312384 126 -3169.03113774
11.4796884032 39.9563857761 127 -3198.65260682
11.4914205074 39.9564391313 128 -3219.69281488
11.5031526298 39.9564913038 129 -3229.19816514
11.5148847699 39.9565422938 130 -3264.0550954
11.5266169272 39.9565921012 131 -3339.10133711
11.5383491015 39.9566407259 132 -3347.01932524
11.5500812922 39.9566881681 133 -3333.71273979
11.561813499 39.9567344276 134 -3322.79622703
11.5735457215 39.9567795045 135 -3315.50168967
11.5852779592 39.9568233988 136 -3307.37304426
11.5970102118 39.9568661105 137 -3328.04009768
11.6087424788 39.9569076396 138 -3359.55741874
11.6204747599 39.956947986 139 -3358.30418953
11.6322070546 39.9569871499 140 -3357.50630076
11.6439393626 39.957025131 141 -3358.78612999
11.6556716834 39.9570619296 142 -3357.24483775
11.6674040166 39.9570975455 143 -3352.63149394
11.6791363619 39.9571319788 144 -3356.84618009
11.6908687187 39.9571652294 145 -3348.63623705
11.7026010868 39.9571972974 146 -3350.10735437
11.7143334656 39.9572281827 147 -3306.58585699
11.7260658548 39.9572578854 148 -3241.09911325
11.7377982541 39.9572864054 149 -3195.37774567
11.7495306629 39.9573137428 150 -3155.32541536
11.7612630809 39.9573398975 151 -3072.66692918
11.7729955077 39.9573648695 152 -2518.92299034
11.7847279428 39.9573886589 153 -2202.68255266
11.7964603859 39.9574112656 154 -2111.67640398
11.8081928365 39.9574326897 155 -2184.77670426
11.8199252943 39.9574529311 156 -2567.68449888
11.8316577589 39.9574719898 157 -2687.33134127
11.8433902297 39.9574898659 158 -2952.49816338
11.8551227066 39.9575065593 159 -3128.45043852
11.8668551889 39.95752207 160 -3295.60323428
11.8785876763 39.957536398 161 -3423.79571396
11.8903201685 39.9575495434 162 -3462.46137385
11.902052665 39.9575615061 163 -3459.51346401
11.9137851653 39.9575722861 164 -3468.07145796
11.9255176692 39.9575818835 165 -3478.78650372
11.9372501762 39.9575902981 166 -3488.84931646
11.9489826858 39.9575975301 167 -3498.03762592
11.9607151977 39.9576035794 168 -3506.50219497
11.9724477115 39.957608446 169 -3512.24078368
11.9841802268 39.95761213 170 -3518.21811266
11.9959127431 39.9576146312 171 -3529.28650987
12.0076452601 39.9576159498 172 -3532.36338754
12.0193777773 39.9576160857 173 -3524.22284178
12.0311102944 39.9576150389 174 -3515.18731388
12.0428428109 39.9576128095 175 -3512.60290354
12.0545753264 39.9576093974 176 -3508.32750272
12.0663078406 39.9576048025 177 -3464.36174499
12.078040353 39.957599025 178 -3335.18241882
12.0897728632 39.9575920649 179 -3196.70651504
12.1015053708 39.957583922 180 -3038.81904766
12.1132378754 39.9575745965 181 -3019.59617176
12.1249703766 39.9575640883 182 -3246.79532506
12.136702874 39.9575523974 183 -3357.82876331
12.1484353672 39.9575395238 184 -3351.96762291
12.1601678558 39.9575254676 185 -3382.1809821
12.1719003393 39.9575102287 186 -3400.77271284
12.1836328174 39.9574938071 187 -3426.99383575
12.1953652897 39.9574762028 188 -3616.96995218
12.2070977557 39.9574574159 189 -3626.49071377
12.2188302151 39.9574374463 190 -3634.28072176
12.2305626675 39.957416294 191 -3634.62535726
12.2422951123 39.9573939591 192 -3634.07658779
12.2540275493 39.9573704415 193 -3636.30805097
12.265759978 39.9573457413 194 -3634.11822614
12.2774923981 39.9573198584 195 -3626.97978197
12.2892248091 39.9572927928 196 -3629.31028139
12.3009572105 39.9572645446 197 -3629.13820432
12.3126896021 39.9572351137 198 -3626.02537072
12.3244219834 39.9572045002 199 -3621.92978875
12.3361543539 39.957172704 200 -3619.26114581
12.3478867134 39.9571397252 201 -3616.91693487
12.3596190613 39.9571055637 202 -3612.61155576
12.3713513974 39.9570702196 203 -3592.78438994
12.383083721 39.9570336928 204 -3583.00031515
12.394816032 39.9569959835 205 -3588.91644992
12.4065483298 39.9569570914 206 -3601.08305257
12.4182806141 39.9569170168 207 -3602.30702304
12.4300128844 39.9568757595 208 -3597.65247846
12.4417451403 39.9568333196 209 -3595.38954155
12.4534773815 39.9567896971 210 -3531.29261185
12.4652096075 39.956744892 211 -3474.78218955
12.4769418179 39.9566989042 212 -3455.85080586
12.4886740124 39.9566517339 213 -3449.85102186
12.5004061905 39.9566033809 214 -3410.46201706
12.5121383517 39.9565538453 215 -3409.77699523
12.5238704958 39.9565031271 216 -3409.69453732
12.5356026223 39.9564512264 217 -3392.3495547
12.5473347307 39.956398143 218 -3381.32675722
12.5590668208 39.9563438771 219 -3354.84398405
12.570798892 39.9562884285 220 -3268.24981023
12.582530944 39.9562317974 221 -2829.11131422
12.5942629764 39.9561739838 222 -2467.9479867
12.6059949887 39.9561149875 223 -2087.0392031
12.6177269806 39.9560548087 224 -2049.36094648
12.6294589516 39.9559934473 225 -2065.63521121
12.6411909014 39.9559309034 226 -2134.49697885
12.6529228295 39.9558671769 227 -2434.02856791
12.6646547355 39.9558022679 228 -2812.0458011
12.6763866191 39.9557361763 229 -3098.74412114
12.6881184798 39.9556689022 230 -3276.21818504
12.6998503172 39.9556004455 231 -3473.31072822
12.7115821309 39.9555308064 232 -3606.85173532
12.7233139206 39.9554599847 233 -3592.88157066
12.7350456857 39.9553879805 234 -3599.72058526
12.7467774259 39.9553147938 235 -3593.23749709
12.7585091408 39.9552404245 236 -3600.80878409
12.77024083 39.9551648728 237 -3606.06817567
12.7819724931 39.9550881386 238 -3597.32260191
12.7937041296 39.9550102219 239 -3597.92992712
12.8054357392 39.9549311227 240 -3597.06203714
12.8171673215 39.9548508411 241 -3596.28928264
12.828898876 39.954769377 242 -3594.6968161
12.8406304024 39.9546867304 243 -3591.79605091
12.8523619002 39.9546029013 244 -3589.01194632
12.864093369 39.9545178898 245 -3587.1000262
12.8758248085 39.9544316959 246 -3588.0185304
12.8875562182 39.9543443195 247 -3591.25293143
12.8992875978 39.9542557607 248 -3595.97741684
12.9110189467 39.9541660195 249 -3594.73911494
12.9227502647 39.9540750959 250 -3592.75259956
12.9344815513 39.9539829898 251 -3591.42515892
12.946212806 39.9538897013 252 -3593.30993682
12.9579440286 39.9537952305 253 -3593.03847701
12.9696752186 39.9536995773 254 -3597.1763853
12.9814063755 39.9536027416 255 -3597.20421588
12.993137499 39.9535047236 256 -3598.658818
13.0048685887 39.9534055233 257 -3580.53740619
13.0165996442 39.9533051406 258 -3333.47351708
13.028330665 39.9532035755 259 -2918.62206583
13.0400616508 39.9531008281 260 -3026.84412472
13.0517926011 39.9529968983 261 -3210.06030905
13.0635235156 39.9528917863 262 -3248.65265308
13.0752543938 39.9527854919 263 -3262.15810139
13.0869852353 39.9526780152 264 -3258.97457508
13.0987160398 39.9525693562 265 -3251.33708218
13.1104468068 39.9524595149 266 -3246.90382907
13.1221775359 39.9523484913 267 -3237.21519789
13.1339082268 39.9522362854 268 -3224.42245265
13.1456388789 39.9521228973 269 -3220.64900812
13.157369492 39.9520083269 270 -3221.64078448
13.1691000655 39.9518925742 271 -3225.95790146
13.1808305992 39.9517756394 272 -3226.91592223
13.1925610925 39.9516575222 273 -3222.99954861
13.2042915451 39.9515382229 274 -3218.56338137
13.2160219566 39.9514177413 275 -3196.01874919
13.2277523266 39.9512960776 276 -3196.0119035
13.2394826546 39.9511732316 277 -3202.32273861
13.2512129403 39.9510492034 278 -3198.23659813
13.2629431833 39.9509239931 279 -3187.74147314
13.2746733831 39.9507976006 280 -3178.4923573
13.2864035394 39.950670026 281 -3163.80388021
13.2981336517 39.9505412692 282 -3142.58825521
13.3098637196 39.9504113302 283 -3112.04612142
13.3215937428 39.9502802091 284 -3090.51739051
13.3333237208 39.9501479059 285 -3076.51544476
13.3450536532 39.9500144206 286 -3018.85894298
13.3567835396 39.9498797532 287 -2933.68598633
13.3685133797 39.9497439037 288 -2823.75797906
13.3802431729 39.9496068722 289 -2721.30307393
13.391972919 39.9494686585 290 -2576.28926245
13.4037026174 39.9493292628 291 -2482.77932353
13.4154322679 39.9491886851 292 -2450.45858957
13.4271618699 39.9490469253 293 -2430.06138689
13.4388914231 39.9489039835 294 -2403.87846046
13.4506209271 39.9487598597 295 -2402.50686034
13.4623503815 39.9486145539 296 -2433.65850544
13.4740797858 39.9484680661 297 -2523.1367492
13.4858091397 39.9483203963 298 -2621.64984591
13.4975384427 39.9481715445 299 -2667.53181749
13.5092676946 39.9480215108 300 -2686.24576171
13.5209968947 39.9478702951 301 -2691.82234557
13.5327260428 39.9477178975 302 -2699.73354804
13.5444551384 39.947564318 303 -2713.45826307
13.5561841812 39.9474095566 304 -2729.06497369
13.5679131707 39.9472536132 305 -2720.68352227
13.5796421065 39.947096488 306 -2712.58947807
13.5913709883 39.9469381809 307 -2706.84699187
13.6030998155 39.9467786919 308 -2705.25386553
13.6148285879 39.9466180211 309 -2706.34792738
13.626557305 39.9464561685 310 -2704.72452566
13.6382859663 39.946293134 311 -2704.39021371
13.6500145716 39.9461289177 312 -2705.20439618
13.6617431204 39.9459635196 313 -2701.63925001
13.6734716122 39.9457969397 314 -2698.41762931
13.6852000467 39.945629178 315 -2705.72972976
13.6969284235 39.9454602346 316 -2711.3092167
13.7086567422 39.9452901094 317 -2720.97125952
13.7203850024 39.9451188025 318 -2728.02509251
13.7321132036 39.9449463139 319 -2716.54942941
13.7438413454 39.9447726435 320 -2695.52239272
13.7555694276 39.9445977915 321 -2638.06306189
13.7672974496 39.9444217577 322 -2630.27866951
13.779025411 39.9442445423 323 -2616.4277261
13.7907533114 39.9440661452 324 -2526.01904615
13.8024811506 39.9438865665 325 -2532.53962313
13.8142089279 39.9437058062 326 -2581.05315797
13.8259366431 39.9435238642 327 -2583.67778635
13.8376642957 39.9433407407 328 -2564.98600313
13.8493918853 39.9431564355 329 -2518.71120647
13.8611194115 39.9429709488 330 -2469.97587752
13.8728468739 39.9427842805 331 -2448.37983559
13.8845742722 39.9425964307 332 -2388.75014106
13.8963016058 39.9424073993 333 -2263.98074919
13.9080288745 39.9422171865 334 -2186.45186156
13.9197560777 39.9420257921 335 -2240.30133748
13.9314832152 39.9418332162 336 -2230.44960209
13.9432102864 39.9416394589 337 -2142.3681404
13.954937291 39.9414445201 338 -2221.50149846
13.9666642286 39.9412483998 339 -2305.94684958
13.9783910987 39.9410510981 340 -2312.68077665
13.990117901 39.940852615 341 -2240.05320486
14.0018446351 39.9406529506 342 -2194.87274497
14.0135713006 39.9404521047 343 -2177.47522969
14.025297897 39.9402500774 344 -2122.94550934
14.0370244239 39.9400468689 345 -2057.62102715
14.0487508811 39.9398424789 346 -2067.34697742
14.0604772679 39.9396369077 347 -2157.60703266
14.0722035841 39.9394301551 348 -2228.4374794
14.0839298292 39.9392222213 349 -2234.48571513
14.0956560029 39.9390131062 350 -2211.48793474
14.1073821047 39.9388028098 351 -2158.12406738
14.1191081342 39.9385913322 352 -2052.23344833
14.1308340911 39.9383786733 353 -1782.28132424
14.1425599749 39.9381648333 354 -1615.58000176
14.1542857851 39.937949812 355 -1517.01426815
14.1660115215 39.9377336096 356 -1554.358236
14.1777371836 39.937516226 357 -1574.70757796
14.189462771 39.9372976613 358 -1549.53874582
14.2011882834 39.9370779154 359 -1488.38169015
14.2129137202 39.9368569885 360 -1483.9203856
14.224639081 39.9366348804 361 -1489.86389476
14.2363643656 39.9364115913 362 -1441.76657825
14.2480895735 39.9361871211 363 -1319.11348729
14.2598147042 39.9359614698 364 -1233.99449432
14.2715397575 39.9357346376 365 -1178.24243304
14.2832647328 39.9355066243 366 -1167.65852714
14.2949896298 39.93527743 367 -1174.8513869
14.306714448 39.9350470548 368 -1178.49726967
14.3184391871 39.9348154986 369 -1244.16921251
14.3301638467 39.9345827615 370 -1281.60526186
14.3418884263 39.9343488434 371 -1302.73381397
14.3536129256 39.9341137445 372 -1425.26887823
14.3653373441 39.9338774647 373 -1498.93847883
14.3770616815 39.933640004 374 -1515.20984953
14.3887859373 39.9334013624 375 -1507.54581616
14.4005101111 39.9331615401 376 -1498.77867699
14.4122342026 39.9329205369 377 -1454.13554411
14.4239582114 39.9326783529 378 -1394.46480046
14.4356821369 39.9324349881 379 -1348.83254748
14.4474059789 39.9321904426 380 -1270.61972944
14.4591297369 39.9319447164 381 -1178.15652871
14.4708534106 39.9316978094 382 -1081.6549057
14.4825769994 39.9314497218 383 -990.915471512
14.4943005031 39.9312004534 384 -960.210702387
14.5060239212 39.9309500044 385 -954.015964206
14.5177472533 39.9306983748 386 -987.109756403
14.529470499 39.9304455645 387 -965.044703106
14.5411936579 39.9301915737 388 -888.042264189
14.55 39.93 388.751 -934.698761719
>  A(14.55 39.93) B(16.11 41.36) 388
14.55 39.93 388 -934.698761719
14.5573988026 39.9369779005 389 -923.889678051
14.5647991142 39.9439553307 390 -868.979171798
14.5722009352 39.9509322902 391 -775.752504716
14.5796042663 39.957908779 392 -636.516504279
14.5870091081 39.9648847967 393 -555.059789127
14.5944154611 39.9718603433 394 -494.93488914
14.601823326 39.9788354184 395 -499.171156096
14.6092327032 39.9858100218 396 -503.248210811
14.6166435934 39.9927841534 397 -592.569137631
14.6240559972 39.999757813 398 -674.249825272
14.6314699152 40.0067310002 399 -728.487563336
14.6388853478 40.0137037149 400 -797.179690619
14.6463022958 40.0206759569 401 -863.205208448
14.6537207596 40.027647726 402 -863.688092333
14.6611407399 40.034619022 403 -848.159158058
14.6685622373 40.0415898446 404 -763.096830656
14.6759852523 40.0485601936 405 -630.538728689
14.6834097855 40.0555300689 406 -477.585562649
14.6908358374 40.0624994702 407 -358.293063962
14.6982634088 40.0694683972 408 -366.53354575
14.7056925002 40.0764368499 409 -338.138294244
14.713123112 40.0834048278 410 -295.603878178
14.720555245 40.090372331 411 -268.248908419
14.7279888998 40.0973393591 412 -259.067691501
14.7354240768 40.1043059119 413 -257.251965526
14.7428607767 40.1112719892 414 -256.121263121
14.750299 40.1182375908 415 -202.228004378
14.7577387474 40.1252027164 416 -195.847260031
14.7651800194 40.1321673659 417 -221.713698285
14.7726228167 40.1391315391 418 -222.931142547
14.7800671397 40.1460952357 419 -205.219510369
14.7875129891 40.1530584555 420 -173.144464703
14.7949603655 40.1600211983 421 -138.426651492
14.8024092694 40.1669834639 422 -122.418472636
14.8098597015 40.1739452521 423 -119.361586327
14.8173116623 40.1809065626 424 -123.322258127
14.8247651524 40.1878673953 425 -121.060024976
14.8322201724 40.1948277499 426 -120.160936793
14.8396767229 40.2017876261 427 -119.109550468
14.8471348045 40.2087470239 428 -101.744172107
14.8545944177 40.2157059429 429 -83.297341572
14.8620555631 40.222664383 430 -72.9579768659
14.8695182414 40.229622344 431 -56.1475229337
14.8769824531 40.2365798255 432 -31.7935504819
14.8844481988 40.2435368275 433 -17.6651630846
14.8919154791 40.2504933497 434 -9.52640313744
14.8993842946 40.2574493918 435 -9.70435630428
14.9068546458 40.2644049537 436 -21.5491480709
14.9143265333 40.2713600351 437 -31.733017348
14.9217999579 40.2783146359 438 -39.9695888107
14.9292749199 40.2852687557 439 -31.3267724284
14.9367514201 40.2922223944 440 -19.4095080766
14.9442294589 40.2991755519 441 -3.55447746833
14.9517090371 40.3061282277 442 9.71723734885
14.9591901551 40.3130804218 443 136.372575491
14.9666728136 40.3200321339 444 234.446985857
14.9741570132 40.3269833639 445 66.181798064
14.9816427544 40.3339341113 446 37.952661009
14.9891300379 40.3408843762 447 22.3450828418
14.9966188642 40.3478341582 448 6.12064516199
15.0041092339 40.3547834571 449 23.8808609494
15.0116011476 40.3617322728 450 152.359971745
15.019094606 40.3686806049 451 223.847290535
15.0265896095 40.3756284533 452 72.1973839392
15.0340861588 40.3825758178 453 22.379992779
15.0415842545 40.3895226981 454 18.840642169
15.0490838971 40.396469094 455 26.38379811
15.0565850873 40.4034150053 456 100.963811285
15.0640878257 40.4103604318 457 139.225587155
15.0715921128 40.4173053732 458 324.686047931
15.0790979492 40.4242498294 459 394.497066567
15.0866053355 40.4311938001 460 816.761209155
15.0941142724 40.4381372851 461 778.035281855
15.1016247604 40.4450802841 462 500.827077338
15.1091368 40.4520227971 463 174.42006118
15.116650392 40.4589648237 464 72.0284303519
15.1241655368 40.4659063637 465 166.450661648
15.1316822352 40.4728474169 466 220.670738127
15.1392004876 40.4797879831 467 111.674911292
15.1467202946 40.486728062 468 125.815919274
15.154241657 40.4936676535 469 220.216141617
15.1617645752 40.5006067573 470 343.719920734
15.1692890498 40.5075453732 471 223.908904833
15.1768150815 40.514483501 472 109.371408557
15.1843426708 40.5214211404 473 56.0265416311
15.1918718184 40.5283582913 474 150.995071646
15.1994025247 40.5352949534 475 255.104119009
15.2069347905 40.5422311265 476 347.883409125
15.2144686164 40.5491668103 477 458.17565769
15.2220040028 40.5561020048 478 532.937626356
15.2295409504 40.5630367095 479 573.819344699
15.2370794599 40.5699709244 480 528.843346538
15.2446195317 40.5769046491 481 403.347147076
15.2521611666 40.5838378835 482 365.78029818
15.259704365 40.5907706274 483 319.260987197
15.2672491276 40.5977028805 484 127.6080821
15.2747954551 40.6046346425 485 233.639686123
15.2823433479 40.6115659134 486 168.424451554
15.2898928066 40.6184966928 487 203.825726499
15.297443832 40.6254269806 488 201.347764319
15.3049964245 40.6323567764 489 253.526406706
15.3125505848 40.6392860802 490 312.403320978
15.3201063135 40.6462148916 491 413.825337127
15.3276636112 40.6531432105 492 469.774675449
15.3352224784 40.6600710366 493 432.98389402
15.3427829157 40.6669983696 494 436.586010312
15.3503449239 40.6739252095 495 490.446221229
15.3579085034 40.6808515559 496 631.200226846
15.3654736549 40.6877774087 497 789.136489757
15.3730403789 40.6947027675 498 801.44057662
15.3806086761 40.7016276322 499 950.80805886
15.388178547 40.7085520026 500 1205.77495968
15.3957499923 40.7154758784 501 941.457598096
15.4033230126 40.7223992595 502 1039.26281208
15.4108976084 40.7293221455 503 1210.13774374
15.4184737804 40.7362445363 504 1251.73703308
15.4260515291 40.7431664316 505 1064.15427405
15.4336308552 40.7500878312 506 574.864194694
15.4412117593 40.757008735 507 660.299531889
15.4487942419 40.7639291426 508 728.996603524
15.4563783037 40.7708490538 509 630.55517284
15.4639639453 40.7777684684 510 737.475738955
15.4715511672 40.7846873863 511 1145.82276888
15.4791399701 40.7916058071 512 1070.50174832
15.4867303546 40.7985237307 513 1193.98492012
15.4943223212 40.8054411567 514 1129.66592984
15.5019158706 40.8123580851 515 1060.09653315
15.5095110034 40.8192745155 516 1024.57807701
15.5171077202 40.8261904478 517 926.97205966
15.5247060215 40.8331058817 518 796.204511414
15.532305908 40.840020817 519 687.843322395
15.5399073803 40.8469352534 520 649.042701172
15.5475104391 40.8538491908 521 588.120176901
15.5551150848 40.8607626289 522 726.138754988
15.5627213181 40.8676755675 523 608.724824778
15.5703291396 40.8745880063 524 416.048198052
15.5779385499 40.8814999452 525 465.561577353
15.5855495496 40.8884113839 526 550.5556867
15.5931621394 40.8953223221 527 689.216506321
15.6007763197 40.9022327598 528 707.84985969
15.6083920913 40.9091426965 529 757.545839146
15.6160094547 40.9160521322 530 814.688808062
15.6236284106 40.9229610665 531 878.450189588
15.6312489595 40.9298694993 532 972.616592313
15.638871102 40.9367774303 533 965.646117477
15.6464948388 40.9436848592 534 916.399797808
15.6541201705 40.950591786 535 862.237631301
15.6617470976 40.9574982103 536 677.92715207
15.6693756208 40.9644041319 537 545.107011046
15.6770057407 40.9713095506 538 459.080759873
15.6846374578 40.9782144661 539 344.519880464
15.6922707728 40.9851188783 540 457.632707379
15.6999056864 40.9920227869 541 374.788089374
15.707542199 40.9989261916 542 346.391329257
15.7151803114 41.0058290923 543 342.68735666
15.7228200241 41.0127314887 544 265.544157836
15.7304613377 41.0196333806 545 212.899299893
15.7381042528 41.0265347678 546 184.388742827
15.7457487701 41.0334356499 547 189.465318846
15.7533948901 41.0403360269 548 222.818509848
15.7610426135 41.0472358985 549 249.684557712
15.7686919409 41.0541352644 550 232.585354734
15.7763428729 41.0610341244 551 214.183555622
15.78399541 41.0679324783 552 179.830928144
15.7916495529 41.0748303258 553 169.38049935
15.7993053023 41.0817276668 554 160.456014603
15.8069626586 41.088624501 555 149.479103611
15.8146216226 41.0955208281 556 142.564214468
15.8222821949 41.102416648 557 131.40501096
15.8299443759 41.1093119604 558 122.857435084
15.8376081665 41.1162067651 559 118.315128233
15.845273567 41.1231010618 560 112.421482266
15.8529405783 41.1299948503 561 105.446446135
15.8606092009 41.1368881304 562 104.84360338
15.8682794353 41.1437809019 563 100.049924644
15.8759512823 41.1506731645 564 101.19296466
15.8836247424 41.157564918 565 97.5189320212
15.8912998162 41.1644561622 566 102.215509103
15.8989765044 41.1713468968 567 185.786983258
15.9066548076 41.1782371216 568 168.529831262
15.9143347263 41.1851268364 569 141.197433101
15.9220162612 41.1920160409 570 104.516892259
15.9296994128 41.1989047349 571 108.971954396
15.9373841819 41.2057929182 572 125.732332288
15.9450705691 41.2126805906 573 116.933906257
15.9527585748 41.2195677518 574 97.7534039391
15.9604481998 41.2264544015 575 83.5533296515
15.9681394447 41.2333405397 576 91.8663184361
15.97583231 41.2402261659 577 102.119687097
15.9835267965 41.24711128 578 127.835211134
15.9912229046 41.2539958818 579 113.588720586
15.998920635 41.260879971 580 87.5515229195
16.0066199884 41.2677635474 581 106.26806286
16.0143209654 41.2746466107 582 102.024468034
16.0220235664 41.2815291608 583 88.0925482125
16.0297277923 41.2884111974 584 63.8545277292
16.0374336436 41.2952927202 585 67.2048512624
16.0451411209 41.3021737291 586 66.1615044987
16.0528502247 41.3090542238 587 45.8137243072
16.0605609559 41.315934204 588 37.7225292788
16.0682733149 41.3228136696 589 28.6087108399
16.0759873023 41.3296926202 590 22.5844499174
16.0837029189 41.3365710557 591 16.1072797921
16.0914201651 41.3434489759 592 12.5013404337
16.0991390417 41.3503263804 593 8.97162480596
16.1068595492 41.3572032691 594 6.33867430942
16.11 41.36 594.407 4.483712
