
>  9.99, 39.94, A, -W1p,red
9.99	39.94	0	76.2365939763
10.0017265109	39.9402034801	1	78.4392832033
10.0134530914	39.9404057788	2	80.6470763049
10.025179741	39.9406068962	3	82.8578100693
10.0369064594	39.9408068322	4	85.0693573198
10.0486332461	39.9410055868	5	87.2796262895
10.0603601007	39.94120316	6	89.4865601279
10.0720870228	39.9413995518	7	91.6881363348
10.083814012	39.9415947621	8	93.882366216
10.095541068	39.941788791	9	96.0698263124
10.1072681902	39.9419816384	10	98.2654027999
10.1189953784	39.9421733043	11	100.469148987
10.130722632	39.9423637887	12	102.677846707
10.1424499508	39.9425530916	13	104.888344814
10.1541773342	39.942741213	14	107.097558071
10.1659047819	39.9429281528	15	109.30246634
10.1776322935	39.9431139111	16	111.500113532
10.1893598686	39.9432984878	17	113.687606685
10.2010875068	39.9434818829	18	115.862114989
10.2128152076	39.9436640964	19	118.020868812
10.2245429707	39.9438451283	20	120.161158786
10.2362707956	39.9440249786	21	122.280334773
10.247998682	39.9442036472	22	124.375804975
10.2597266295	39.9443811342	23	126.447982076
10.2714546376	39.9445574395	24	128.545490386
10.2831827059	39.9447325631	25	130.675768183
10.2949108341	39.9449065051	26	132.825002081
10.3066390217	39.9450792653	27	134.979441967
10.3183672684	39.9452508438	28	137.125400142
10.3300955736	39.9454212406	29	139.249250404
10.3418239371	39.9455904556	30	141.337427296
10.3535523584	39.9457584889	31	143.37642505
10.3652808371	39.9459253404	32	145.35279681
10.3770093728	39.9460910101	33	147.253153667
10.3887379651	39.946255498	34	149.064163753
10.4004666137	39.9464188041	35	150.772551325
10.412195318	39.9465809283	36	152.365095793
10.4239240777	39.9467418708	37	153.828773734
10.4356528923	39.9469016313	38	155.177193762
10.4473817616	39.9470602101	39	156.430219936
10.459110685	39.9472176069	40	157.593589323
10.4708396622	39.9473738219	41	158.672947911
10.4825686928	39.9475288549	42	159.673852171
10.4942977763	39.9476827061	43	160.601770429
10.5060269124	39.9478353753	44	161.462084487
10.5177561006	39.9479868626	45	162.260090988
10.5294853406	39.948137168	46	163.001002998
10.5412146319	39.9482862914	47	163.68995147
10.5529439741	39.9484342328	48	164.33198676
10.5646733669	39.9485809923	49	164.93208013
10.5764028098	39.9487265698	50	165.495125279
10.5881323024	39.9488709652	51	166.025939859
10.5998618443	39.9490141787	52	166.48119251
10.6115914352	39.9491562101	53	166.804256552
10.6233210745	39.9492970595	54	167.01596844
10.635050762	39.9494367269	55	167.137823696
10.6467804972	39.9495752122	56	167.191277774
10.6585102796	39.9497125154	57	167.19774664
10.6702401089	39.9498486366	58	167.178607375
10.6819699847	39.9499835756	59	167.155198794
10.6936999066	39.9501173326	60	167.148822054
10.7054298742	39.9502499075	61	167.180741304
10.717159887	39.9503813003	62	167.272184326
10.7288899447	39.9505115109	63	167.444343197
10.7406200468	39.9506405394	64	167.71837496
10.752350193	39.9507683857	65	168.115402312
10.7640803828	39.9508950499	66	168.636866371
10.7758106159	39.9510205319	67	169.234693385
10.7875408918	39.9511448318	68	169.89967626
10.7992712102	39.9512679494	69	170.625666736
10.8110015706	39.9513898849	70	171.406535975
10.8227319725	39.9515106381	71	172.236174263
10.8344624157	39.9516302092	72	173.108490738
10.8461928998	39.951748598	73	174.017413028
10.8579234242	39.9518658046	74	174.956886948
10.8696539886	39.951981829	75	175.920876208
10.8813845926	39.9520966711	76	176.903362058
10.8931152358	39.9522103309	77	177.898342966
10.9048459178	39.9523228085	78	178.899834282
10.9165766382	39.9524341038	79	179.901867891
10.9283073965	39.9525442168	80	180.91185642
10.9400381924	39.9526531475	81	181.995178223
10.9517690255	39.9527608959	82	183.148165903
10.9634998953	39.9528674621	83	184.355102951
10.9752308015	39.9529728459	84	185.60030824
10.9869617436	39.9530770473	85	186.868135215
10.9986927213	39.9531800665	86	188.142971144
11.0104237341	39.9532819033	87	189.409236273
11.0221547816	39.9533825577	88	190.651383063
11.0338858635	39.9534820298	89	191.85389537
11.0456169792	39.9535803195	90	193.001287588
11.0573481285	39.9536774269	91	194.078103886
11.0690793109	39.9537733519	92	195.068917311
11.080810526	39.9538680945	93	195.958328976
11.0925417734	39.9539616547	94	196.73001549
11.1042730527	39.9540540325	95	197.366373141
11.1160043635	39.9541452278	96	197.880908655
11.1277357054	39.9542352408	97	198.293746691
11.1394670779	39.9543240714	98	198.624992468
11.1511984807	39.9544117195	99	198.894732229
11.1629299134	39.9544981852	100	199.123033688
11.1746613756	39.9545834684	101	199.329946512
11.1863928667	39.9546675692	102	199.535502795
11.1981243866	39.9547504876	103	199.759717559
11.2098559347	39.9548322234	104	200.022589241
11.2215875106	39.9549127769	105	200.344100196
11.233319114	39.9549921478	106	200.744217226
11.2450507444	39.9550703363	107	201.242892081
11.2567824014	39.9551473422	108	201.859702821
11.2685140846	39.9552231657	109	202.585132413
11.2802457936	39.9552978067	110	203.397225322
11.2919775281	39.9553712652	111	204.283281397
11.3037092875	39.9554435411	112	205.23059322
11.3154410715	39.9555146346	113	206.226446463
11.3271728797	39.9555845455	114	207.258120169
11.3389047117	39.955653274	115	208.312887057
11.3506365671	39.9557208198	116	209.378013838
11.3623684455	39.9557871832	117	210.440761499
11.3741003464	39.955852364	118	211.488385613
11.3858322695	39.9559163623	119	212.508136652
11.3975642143	39.955979178	120	213.487260255
11.4092961805	39.9560408111	121	214.412997558
11.4210281676	39.9561012617	122	215.272585447
11.4327601753	39.9561605298	123	216.082146971
11.4444922031	39.9562186152	124	216.871583252
11.4562242506	39.9562755181	125	217.64106238
11.4679563174	39.9563312384	126	218.390714976
11.4796884032	39.9563857761	127	219.120694829
11.4914205074	39.9564391313	128	219.831177813
11.5031526298	39.9564913038	129	220.522360902
11.5148847699	39.9565422938	130	221.194461034
11.5266169272	39.9565921012	131	221.847714103
11.5383491015	39.9566407259	132	222.48237389
11.5500812922	39.9566881681	133	223.098710941
11.561813499	39.9567344276	134	223.697011567
11.5735457215	39.9567795045	135	224.2775767
11.5852779592	39.9568233988	136	224.84072084
11.5970102118	39.9568661105	137	225.382381994
11.6087424788	39.9569076396	138	225.894232175
11.6204747599	39.956947986	139	226.378941198
11.6322070546	39.9569871499	140	226.839603043
11.6439393626	39.957025131	141	227.279309479
11.6556716834	39.9570619296	142	227.701149985
11.6674040166	39.9570975455	143	228.108211866
11.6791363619	39.9571319788	144	228.503580214
11.6908687187	39.9571652294	145	228.890337953
11.7026010868	39.9571972974	146	229.271565864
11.7143334656	39.9572281827	147	229.6503426
11.7260658548	39.9572578854	148	230.029744719
11.7377982541	39.9572864054	149	230.412846717
11.7495306629	39.9573137428	150	230.802721027
11.7612630809	39.9573398975	151	231.196525543
11.7729955077	39.9573648695	152	231.571900176
11.7847279428	39.9573886589	153	231.930177412
11.7964603859	39.9574112656	154	232.275777212
11.8081928365	39.9574326897	155	232.613103426
11.8199252943	39.9574529311	156	232.946545372
11.8316577589	39.9574719898	157	233.280479374
11.8433902297	39.9574898659	158	233.619270322
11.8551227066	39.9575065593	159	233.967273263
11.8668551889	39.95752207	160	234.328834926
11.8785876763	39.957536398	161	234.708295323
11.8903201685	39.9575495434	162	235.109989309
11.902052665	39.9575615061	163	235.538248148
11.9137851653	39.9575722861	164	235.997401092
11.9255176692	39.9575818835	165	236.4935057
11.9372501762	39.9575902981	166	237.042777961
11.9489826858	39.9575975301	167	237.640659478
11.9607151977	39.9576035794	168	238.277710597
11.9724477115	39.957608446	169	238.944497221
11.9841802268	39.95761213	170	239.631590026
11.9959127431	39.9576146312	171	240.329563664
12.0076452601	39.9576159498	172	241.028995985
12.0193777773	39.9576160857	173	241.720467225
12.0311102944	39.9576150389	174	242.394559232
12.0428428109	39.9576128095	175	243.041854649
12.0545753264	39.9576093974	176	243.65293614
12.0663078406	39.9576048025	177	244.218385596
12.078040353	39.957599025	178	244.728783318
12.0897728632	39.9575920649	179	245.174764529
12.1015053708	39.957583922	180	245.553176694
12.1132378754	39.9575745965	181	245.872063415
12.1249703766	39.9575640883	182	246.140586403
12.136702874	39.9575523974	183	246.367906217
12.1484353672	39.9575395238	184	246.563181417
12.1601678558	39.9575254676	185	246.735567711
12.1719003393	39.9575102287	186	246.894217118
12.1836328174	39.9574938071	187	247.048277109
12.1953652897	39.9574762028	188	247.206889759
12.2070977557	39.9574574159	189	247.379190894
12.2188302151	39.9574374463	190	247.574309258
12.2305626675	39.957416294	191	247.80136565
12.2422951123	39.9573939591	192	248.069472063
12.2540275493	39.9573704415	193	248.387732304
12.265759978	39.9573457413	194	248.764692957
12.2774923981	39.9573198584	195	249.195696702
12.2892248091	39.9572927928	196	249.670396726
12.3009572105	39.9572645446	197	250.178448372
12.3126896021	39.9572351137	198	250.709509743
12.3244219834	39.9572045002	199	251.253242211
12.3361543539	39.957172704	200	251.799311027
12.3478867134	39.9571397252	201	252.337385874
12.3596190613	39.9571055637	202	252.85714143
12.3713513974	39.9570702196	203	253.348257948
12.383083721	39.9570336928	204	253.800421808
12.394816032	39.9569959835	205	254.203326108
12.4065483298	39.9569570914	206	254.546671228
12.4182806141	39.9569170168	207	254.820165387
12.4300128844	39.9568757595	208	255.039015153
12.4417451403	39.9568333196	209	255.242372877
12.4534773815	39.9567896971	210	255.426356908
12.4652096075	39.956744892	211	255.586147014
12.4769418179	39.9566989042	212	255.716932792
12.4886740124	39.9566517339	213	255.813914392
12.5004061905	39.9566033809	214	255.872303263
12.5121383517	39.9565538453	215	255.887322885
12.5238704958	39.9565031271	216	255.854209503
12.5356026223	39.9564512264	217	255.768212867
12.5473347307	39.956398143	218	255.624596965
12.5590668208	39.9563438771	219	255.418640756
12.570798892	39.9562884285	220	255.145638912
12.582530944	39.9562317974	221	254.800902542
12.5942629764	39.9561739838	222	254.355525393
12.6059949887	39.9561149875	223	253.737445016
12.6177269806	39.9560548087	224	252.969584093
12.6294589516	39.9559934473	225	252.082606722
12.6411909014	39.9559309034	226	251.107176406
12.6529228295	39.9558671769	227	250.073955919
12.6646547355	39.9558022679	228	249.013607111
12.6763866191	39.9557361763	229	247.956790726
12.6881184798	39.9556689022	230	246.934166247
12.6998503172	39.9556004455	231	245.976391676
12.7115821309	39.9555308064	232	245.114123343
12.7233139206	39.9554599847	233	244.378015696
12.7350456857	39.9553879805	234	243.798721113
12.7467774259	39.9553147938	235	243.406889636
12.7585091408	39.9552404245	236	243.238887067
12.77024083	39.9551648728	237	243.338557418
12.7819724931	39.9550881386	238	243.672964516
12.7937041296	39.9550102219	239	244.197878481
12.8054357392	39.9549311227	240	244.86904878
12.8171673215	39.9548508411	241	245.642203424
12.828898876	39.954769377	242	246.473048191
12.8406304024	39.9546867304	243	247.31726588
12.8523619002	39.9546029013	244	248.130515527
12.864093369	39.9545178898	245	248.868431679
12.8758248085	39.9544316959	246	249.486623669
12.8875562182	39.9543443195	247	249.940674879
12.8992875978	39.9542557607	248	250.186142044
12.9110189467	39.9541660195	249	250.178554549
12.9227502647	39.9540750959	250	249.877131083
12.9344815513	39.9539829898	251	249.324575505
12.946212806	39.9538897013	252	248.565444821
12.9579440286	39.9537952305	253	247.624775127
12.9696752186	39.9536995773	254	246.527615868
12.9814063755	39.9536027416	255	245.299030225
12.993137499	39.9535047236	256	243.964095467
13.0048685887	39.9534055233	257	242.547903417
13.0165996442	39.9533051406	258	241.07556082
13.028330665	39.9532035755	259	239.572189734
13.0400616508	39.9531008281	260	238.062927861
13.0517926011	39.9529968983	261	236.572928993
13.0635235156	39.9528917863	262	235.12736329
13.0752543938	39.9527854919	263	233.751417735
13.0869852353	39.9526780152	264	232.469721706
13.0987160398	39.9525693562	265	231.217625869
13.1104468068	39.9524595149	266	229.942192967
13.1221775359	39.9523484913	267	228.649541724
13.1339082268	39.9522362854	268	227.345789755
13.1456388789	39.9521228973	269	226.037053564
13.157369492	39.9520083269	270	224.729448449
13.1691000655	39.9518925742	271	223.429088523
13.1808305992	39.9517756394	272	222.14208658
13.1925610925	39.9516575222	273	220.874554202
13.2042915451	39.9515382229	274	219.632601538
13.2160219566	39.9514177413	275	218.422337412
13.2277523266	39.9512960776	276	217.249869185
13.2394826546	39.9511732316	277	216.121302797
13.2512129403	39.9510492034	278	215.042742626
13.2629431833	39.9509239931	279	214.023383076
13.2746733831	39.9507976006	280	213.0650067
13.2864035394	39.950670026	281	212.159082535
13.2981336517	39.9505412692	282	211.297000335
13.3098637196	39.9504113302	283	210.470133504
13.3215937428	39.9502802091	284	209.6698388
13.3333237208	39.9501479059	285	208.887456093
13.3450536532	39.9500144206	286	208.114308054
13.3567835396	39.9498797532	287	207.341699888
13.3685133797	39.9497439037	288	206.56091906
13.3802431729	39.9496068722	289	205.763235049
13.391972919	39.9494686585	290	204.939899097
13.4037026174	39.9493292628	291	204.082143926
13.4154322679	39.9491886851	292	203.181183523
13.4271618699	39.9490469253	293	202.237994574
13.4388914231	39.9489039835	294	201.275904261
13.4506209271	39.9487598597	295	200.297373736
13.4623503815	39.9486145539	296	199.303360251
13.4740797858	39.9484680661	297	198.294807042
13.4858091397	39.9483203963	298	197.27264296
13.4975384427	39.9481715445	299	196.237782148
13.5092676946	39.9480215108	300	195.191123633
13.5209968947	39.9478702951	301	194.133551078
13.5327260428	39.9477178975	302	193.06593227
13.5444551384	39.947564318	303	191.989118864
13.5561841812	39.9474095566	304	190.903945957
13.5679131707	39.9472536132	305	189.81123175
13.5796421065	39.947096488	306	188.711777097
13.5913709883	39.9469381809	307	187.597411681
13.6030998155	39.9467786919	308	186.424068358
13.6148285879	39.9466180211	309	185.196830118
13.626557305	39.9464561685	310	183.92894444
13.6382859663	39.946293134	311	182.633735576
13.6500145716	39.9461289177	312	181.324605703
13.6617431204	39.9459635196	313	180.015036248
13.6734716122	39.9457969397	314	178.718589048
13.6852000467	39.945629178	315	177.448907515
13.6969284235	39.9454602346	316	176.219717846
13.7086567422	39.9452901094	317	175.044830196
13.7203850024	39.9451188025	318	173.938139797
13.7321132036	39.9449463139	319	172.913628128
13.7438413454	39.9447726435	320	171.985364015
13.7555694276	39.9445977915	321	171.167117146
13.7672974496	39.9444217577	322	170.460043893
13.779025411	39.9442445423	323	169.851893301
13.7907533114	39.9440661452	324	169.329982595
13.8024811506	39.9438865665	325	168.881604675
13.8142089279	39.9437058062	326	168.494028014
13.8259366431	39.9435238642	327	168.154496475
13.8376642957	39.9433407407	328	167.850229188
13.8493918853	39.9431564355	329	167.568420477
13.8611194115	39.9429709488	330	167.296239705
13.8728468739	39.9427842805	331	167.020831245
13.8845742722	39.9425964307	332	166.729314375
13.8963016058	39.9424073993	333	166.408783267
13.9080288745	39.9422171865	334	166.04630689
13.9197560777	39.9420257921	335	165.629963494
13.9314832152	39.9418332162	336	165.215389911
13.9432102864	39.9416394589	337	164.83311913
13.954937291	39.9414445201	338	164.473106886
13.9666642286	39.9412483998	339	164.125272874
13.9783910987	39.9410510981	340	163.779500437
13.990117901	39.940852615	341	163.425636283
14.0018446351	39.9406529506	342	163.05349018
14.0135713006	39.9404521047	343	162.652834734
14.025297897	39.9402500774	344	162.213405053
14.0370244239	39.9400468689	345	161.724898519
14.0487508811	39.9398424789	346	161.176974614
14.0604772679	39.9396369077	347	160.559254596
14.0722035841	39.9394301551	348	159.861321379
14.0839298292	39.9392222213	349	159.072719258
14.0956560029	39.9390131062	350	158.202600633
14.1073821047	39.9388028098	351	157.272644267
14.1191081342	39.9385913322	352	156.284793895
14.1308340911	39.9383786733	353	155.240906814
14.1425599749	39.9381648333	354	154.142815879
14.1542857851	39.937949812	355	152.992329085
14.1660115215	39.9377336096	356	151.791228884
14.1777371836	39.937516226	357	150.541271834
14.189462771	39.9372976613	358	149.244187934
14.2011882834	39.9370779154	359	147.901680152
14.2129137202	39.9368569885	360	146.515423836
14.224639081	39.9366348804	361	145.087066216
14.2363643656	39.9364115913	362	143.618225701
14.2480895735	39.9361871211	363	142.110491488
14.2598147042	39.9359614698	364	140.529226303
14.2715397575	39.9357346376	365	138.800175899
14.2832647328	39.9355066243	366	136.945664032
14.2949896298	39.93527743	367	134.992330237
14.306714448	39.9350470548	368	132.966830826
14.3184391871	39.9348154986	369	130.895838601
14.3301638467	39.9345827615	370	128.806042554
14.3418884263	39.9343488434	371	126.724147653
14.3536129256	39.9341137445	372	124.676874382
14.3653373441	39.9338774647	373	122.690958596
14.3770616815	39.933640004	374	120.793151035
14.3887859373	39.9334013624	375	119.010217046
14.4005101111	39.9331615401	376	117.368936119
14.4122342026	39.9329205369	377	115.896101594
14.4239582114	39.9326783529	378	114.607841725
14.4356821369	39.9324349881	379	113.462552138
14.4474059789	39.9321904426	380	112.440705291
14.4591297369	39.9319447164	381	111.528400962
14.4708534106	39.9316978094	382	110.711796514
14.4825769994	39.9314497218	383	109.977107494
14.4943005031	39.9312004534	384	109.310608325
14.5060239212	39.9309500044	385	108.698632839
14.5177472533	39.9306983748	386	108.127574957
14.529470499	39.9304455645	387	107.583889285
14.5411936579	39.9301915737	388	107.054091647
14.55	39.93	388.751	106.657145569
>  14.55, 39.93, B, -W1p,black
14.55	39.93	388.751	106.657145569
14.5573988026	39.9369779005	389.751	105.259267477
14.5647991142	39.9439553307	390.751	103.900454069
14.5722009352	39.9509322902	391.751	102.572270168
14.5796042663	39.957908779	392.751	101.265354035
14.5870091081	39.9648847967	393.751	99.9730619808
14.5944154611	39.9718603433	394.751	98.7149137585
14.601823326	39.9788354184	395.751	97.4886464729
14.6092327032	39.9858100218	396.751	96.2856433726
14.6166435934	39.9927841534	397.751	95.0977389413
14.6240559972	39.999757813	398.751	93.9174043899
14.6314699152	40.0067310002	399.751	92.7379064258
14.6388853478	40.0137037149	400.751	91.5534392488
14.6463022958	40.0206759569	401.751	90.3592298481
14.6537207596	40.027647726	402.751	89.1516165167
14.6611407399	40.034619022	403.751	87.9281004593
14.6685622373	40.0415898446	404.751	86.687370597
14.6759852523	40.0485601936	405.751	85.4293014009
14.6834097855	40.0555300689	406.751	84.1549237838
14.6908358374	40.0624994702	407.751	82.8663690585
14.6982634088	40.0694683972	408.751	81.5667857707
14.7056925002	40.0764368499	409.751	80.2602295148
14.713123112	40.0834048278	410.751	78.9515314609
14.720555245	40.090372331	411.751	77.6608193215
14.7279888998	40.0973393591	412.751	76.4061590543
14.7354240768	40.1043059119	413.751	75.1915265456
14.7428607767	40.1112719892	414.751	74.0208866647
14.750299	40.1182375908	415.751	72.8980888602
14.7577387474	40.1252027164	416.751	71.8157251378
14.7651800194	40.1321673659	417.751	70.767452917
14.7726228167	40.1391315391	418.751	69.7586235136
14.7800671397	40.1460952357	419.751	68.7938610519
14.7875129891	40.1530584555	420.751	67.8767714465
14.7949603655	40.1600211983	421.751	67.0096994337
14.8024092694	40.1669834639	422.751	66.1935332258
14.8098597015	40.1739452521	423.751	65.4275568774
14.8173116623	40.1809065626	424.751	64.7093504821
14.8247651524	40.1878673953	425.751	64.0347381728
14.8322201724	40.1948277499	426.751	63.3977841179
14.8396767229	40.2017876261	427.751	62.7908364706
14.8471348045	40.2087470239	428.751	62.2046193793
14.8545944177	40.2157059429	429.751	61.6283732029
14.8620555631	40.222664383	430.751	61.0500428333
14.8695182414	40.229622344	431.751	60.4565143719
14.8769824531	40.2365798255	432.751	59.8339001339
14.8844481988	40.2435368275	433.751	59.1678719992
14.8919154791	40.2504933497	434.751	58.4440154292
14.8993842946	40.2574493918	435.751	57.6459541082
14.9068546458	40.2644049537	436.751	56.7702014107
14.9143265333	40.2713600351	437.751	55.821103144
14.9217999579	40.2783146359	438.751	54.826975116
14.9292749199	40.2852687557	439.751	53.8623541862
14.9367514201	40.2922223944	440.751	52.9309517673
14.9442294589	40.2991755519	441.751	52.0302651829
14.9517090371	40.3061282277	442.751	51.1571268918
14.9591901551	40.3130804218	443.751	50.3077581747
14.9666728136	40.3200321339	444.751	49.4778237218
14.9741570132	40.3269833639	445.751	48.6624864338
14.9816427544	40.3339341113	446.751	47.8564629703
14.9891300379	40.3408843762	447.751	47.0540795226
14.9966188642	40.3478341582	448.751	46.2493284675
15.0041092339	40.3547834571	449.751	45.435925233
15.0116011476	40.3617322728	450.751	44.6073658124
15.019094606	40.3686806049	451.751	43.756984867
15.0265896095	40.3756284533	452.751	42.8780141237
15.0340861588	40.3825758178	453.751	41.9636415512
15.0415842545	40.3895226981	454.751	41.0070709116
15.0490838971	40.396469094	455.751	40.001581832
15.0565850873	40.4034150053	456.751	38.9405904559
15.0640878257	40.4103604318	457.751	37.8177105817
15.0715921128	40.4173053732	458.751	36.6264449398
15.0790979492	40.4242498294	459.751	35.312446132
15.0866053355	40.4311938001	460.751	33.8368798559
15.0941142724	40.4381372851	461.751	32.1958025308
15.1016247604	40.4450802841	462.751	30.4166167324
15.1091368	40.4520227971	463.751	28.5310461057
15.116650392	40.4589648237	464.751	26.5700854422
15.1241655368	40.4659063637	465.751	24.5635471827
15.1316822352	40.4728474169	466.751	22.539656577
15.1392004876	40.4797879831	467.751	20.5246959051
15.1467202946	40.486728062	468.751	18.5426973923
15.154241657	40.4936676535	469.751	16.6151851638
15.1617645752	40.5006067573	470.751	14.7609664294
15.1692890498	40.5075453732	471.751	12.99597151
15.1768150815	40.514483501	472.751	11.3331432215
15.1843426708	40.5214211404	473.751	9.78237555103
15.1918718184	40.5283582913	474.751	8.3505015287
15.1994025247	40.5352949534	475.751	7.04133068593
15.2069347905	40.5422311265	476.751	5.85573577121
15.2144686164	40.5491668103	477.751	4.79178923404
15.2220040028	40.5561020048	478.751	3.84494921079
15.2295409504	40.5630367095	479.751	3.00829516642
15.2370794599	40.5699709244	480.751	2.27281337885
15.2446195317	40.5769046491	481.751	1.62773225469
15.2521611666	40.5838378835	482.751	1.05954522246
15.259704365	40.5907706274	483.751	0.563332599807
15.2672491276	40.5977028805	484.751	0.13013341943
15.2747954551	40.6046346425	485.751	-0.267688548973
15.2823433479	40.6115659134	486.751	-0.655845260508
15.2898928066	40.6184966928	487.751	-1.05752158648
15.297443832	40.6254269806	488.751	-1.49286103431
15.3049964245	40.6323567764	489.751	-1.9785400946
15.3125505848	40.6392860802	490.751	-2.52743145742
15.3201063135	40.6462148916	491.751	-3.14835606856
15.3276636112	40.6531432105	492.751	-3.84592429698
15.3352224784	40.6600710366	493.751	-4.62046622827
15.3427829157	40.6669983696	494.751	-5.46805130203
15.3503449239	40.6739252095	495.751	-6.38059739541
15.3579085034	40.6808515559	496.751	-7.34606935741
15.3654736549	40.6877774087	497.751	-8.34876739768
15.3730403789	40.6947027675	498.751	-9.36970513447
15.3806086761	40.7016276322	499.751	-10.3870777313
15.388178547	40.7085520026	500.751	-11.3768199816
15.3957499923	40.7154758784	501.751	-12.3132546788
15.4033230126	40.7223992595	502.751	-13.1698312948
15.4108976084	40.7293221455	503.751	-13.9199550874
15.4184737804	40.7362445363	504.751	-14.5378264645
15.4260515291	40.7431664316	505.751	-15.0000373595
15.4336308552	40.7500878312	506.751	-15.2896580743
15.4412117593	40.757008735	507.751	-15.4009004809
15.4487942419	40.7639291426	508.751	-15.3393092472
15.4563783037	40.7708490538	509.751	-15.1093168913
15.4639639453	40.7777684684	510.751	-14.7175726951
15.4715511672	40.7846873863	511.751	-14.1725525386
15.4791399701	40.7916058071	512.751	-13.4841976901
15.4867303546	40.7985237307	513.751	-12.663582502
15.4943223212	40.8054411567	514.751	-11.7226112075
15.5019158706	40.8123580851	515.751	-10.6737436446
15.5095110034	40.8192745155	516.751	-9.52975023868
15.5171077202	40.8261904478	517.751	-8.30349595676
15.5247060215	40.8331058817	518.751	-7.00775357976
15.532305908	40.840020817	519.751	-5.65504608211
15.5399073803	40.8469352534	520.751	-4.25751836527
15.5475104391	40.8538491908	521.751	-2.82683820411
15.5551150848	40.8607626289	522.751	-1.37412667235
15.5627213181	40.8676755675	523.751	0.0900822009657
15.5703291396	40.8745880063	524.751	1.55585221394
15.5779385499	40.8814999452	525.751	3.01382639967
15.5855495496	40.8884113839	526.751	4.45780215015
15.5931621394	40.8953223221	527.751	5.90144076478
15.6007763197	40.9022327598	528.751	7.3355725215
15.6083920913	40.9091426965	529.751	8.74596319271
15.6160094547	40.9160521322	530.751	10.1200629296
15.6236284106	40.9229610665	531.751	11.4657005478
15.6312489595	40.9298694993	532.751	12.8021578119
15.638871102	40.9367774303	533.751	14.1235212752
15.6464948388	40.9436848592	534.751	15.4240100336
15.6541201705	40.950591786	535.751	16.6982331418
15.6617470976	40.9574982103	536.751	17.9412269343
15.6693756208	40.9644041319	537.751	19.148491216
15.6770057407	40.9713095506	538.751	20.3160240627
15.6846374578	40.9782144661	539.751	21.4403553929
15.6922707728	40.9851188783	540.751	22.5185793222
15.6999056864	40.9920227869	541.751	23.5483851524
15.707542199	40.9989261916	542.751	24.5280871234
15.7151803114	41.0058290923	543.751	25.4566529646
15.7228200241	41.0127314887	544.751	26.3337310246
15.7304613377	41.0196333806	545.751	27.1596762468
15.7381042528	41.0265347678	546.751	27.9355748017
15.7457487701	41.0334356499	547.751	28.663267448
15.7533948901	41.0403360269	548.751	29.3415361374
15.7610426135	41.0472358985	549.751	29.95881333
15.7686919409	41.0541352644	550.751	30.522492273
15.7763428729	41.0610341244	551.751	31.0435131267
15.78399541	41.0679324783	552.751	31.5341265413
15.7916495529	41.0748303258	553.751	32.0077924293
15.7993053023	41.0817276668	554.751	32.4790280597
15.8069626586	41.088624501	555.751	32.9551778785
15.8146216226	41.0955208281	556.751	33.4328456536
15.8222821949	41.102416648	557.751	33.9265832323
15.8299443759	41.1093119604	558.751	34.4503140183
15.8376081665	41.1162067651	559.751	35.0161227772
15.845273567	41.1231010618	560.751	35.6339742775
15.8529405783	41.1299948503	561.751	36.3114949066
15.8606092009	41.1368881304	562.751	37.0538172094
15.8682794353	41.1437809019	563.751	37.8634875478
15.8759512823	41.1506731645	564.751	38.7404369297
15.8836247424	41.157564918	565.751	39.6820150859
15.8912998162	41.1644561622	566.751	40.6830879193
15.8989765044	41.1713468968	567.751	41.7361983829
15.9066548076	41.1782371216	568.751	42.8317909048
15.9143347263	41.1851268364	569.751	43.9584994229
15.9220162612	41.1920160409	570.751	45.1080923001
15.9296994128	41.1989047349	571.751	46.2731485915
15.9373841819	41.2057929182	572.751	47.4383133232
15.9450705691	41.2126805906	573.751	48.5895014664
15.9527585748	41.2195677518	574.751	49.7141817378
15.9604481998	41.2264544015	575.751	50.8014731398
15.9681394447	41.2333405397	576.751	51.8421870713
15.97583231	41.2402261659	577.751	52.8288150157
15.9835267965	41.24711128	578.751	53.7554618619
15.9912229046	41.2539958818	579.751	54.6140597909
15.998920635	41.260879971	580.751	55.3882318909
16.0066199884	41.2677635474	581.751	56.0823973579
16.0143209654	41.2746466107	582.751	56.7027765961
16.0220235664	41.2815291608	583.751	57.2545186136
16.0297277923	41.2884111974	584.751	57.7414585709
16.0374336436	41.2952927202	585.751	58.1659614225
16.0451411209	41.3021737291	586.751	58.5288519641
16.0528502247	41.3090542238	587.751	58.8294312801
16.0605609559	41.315934204	588.751	59.0655797899
16.0682733149	41.3228136696	589.751	59.2339469036
16.0759873023	41.3296926202	590.751	59.3302275919
16.0837029189	41.3365710557	591.751	59.3496741871
16.0914201651	41.3434489759	592.751	59.2921263425
16.0991390417	41.3503263804	593.751	59.1595110297
16.1068595492	41.3572032691	594.751	58.9542432223
16.11	41.36	595.158	58.8508624037
>  16.11, 41.36, C, -W1p,white
16.11	41.36	595.158	58.8508624037
16.1210635738	41.356547837	596.158	58.9861884842
16.132125974	41.3530946146	597.158	59.0873628152
16.1431872003	41.3496403329	598.158	59.1647092322
16.1542472528	41.3461849924	599.158	59.2278380072
16.1653061313	41.3427285931	600.158	59.2855357701
16.1763638357	41.3392711354	601.158	59.3456734334
16.187420366	41.3358126195	602.158	59.415132355
16.1984757221	41.3323530455	603.158	59.4997486548
16.2095299038	41.3288924139	604.158	59.6042757198
16.220582911	41.3254307247	605.158	59.7323650777
16.2316347438	41.3219679783	606.158	59.8865654388
16.2426854019	41.3185041749	607.158	60.0683402054
16.2537348854	41.3150393147	608.158	60.27087934
16.264783194	41.311573398	609.158	60.4511528275
16.2758303278	41.3081064249	610.158	60.6058737018
16.2868762866	41.3046383959	611.158	60.7391810717
16.2979210704	41.301169311	612.158	60.8547315164
16.3089646789	41.2976991706	613.158	60.9557089785
16.3200071123	41.2942279748	614.158	61.0448474645
16.3310483703	41.290755724	615.158	61.1244663755
16.342088453	41.2872824183	616.158	61.1965186451
16.3531273601	41.283808058	617.158	61.2626515797
16.3641650916	41.2803326433	618.158	61.3242805281
16.3752016474	41.2768561745	619.158	61.3826753499
16.3862370275	41.2733786519	620.158	61.4390597392
16.3972712318	41.2699000756	621.158	61.4947234297
16.40830426	41.2664204459	622.158	61.5511472516
16.4193361123	41.2629397631	623.158	61.6058581151
16.4303667885	41.2594580273	624.158	61.624084173
16.4413962884	41.2559752389	625.158	61.5994346035
16.4524246121	41.2524913981	626.158	61.5354253498
16.4634517594	41.249006505	627.158	61.4378678211
16.4744777302	41.24552056	628.158	61.3245987692
16.4855025246	41.2420335634	629.158	61.2075139486
16.4965261422	41.2385455152	630.158	61.0953182418
16.5075485832	41.2350564158	631.158	60.9967679449
16.5185698474	41.2315662655	632.158	60.9204468536
16.5295899347	41.2280750644	633.158	60.8745592637
16.5406088451	41.2245828128	634.158	60.8667399561
16.5516265784	41.2210895109	635.158	60.9038812085
16.5626431345	41.217595159	636.158	60.9919768477
16.5736585135	41.2140997574	637.158	61.1359833984
16.5846727152	41.2106033062	638.158	61.340326146
16.5956857395	41.2071058057	639.158	61.6133740347
16.6066975863	41.2036072562	640.158	61.9499795313
16.6177082556	41.2001076578	641.158	62.3411118196
16.6287177473	41.1966070109	642.158	62.7776951299
16.6397260612	41.1931053157	643.158	63.2506945242
16.6507331974	41.1896025724	644.158	63.7511966501
16.6617391557	41.1860987812	645.158	64.2704854248
16.6727439361	41.1825939425	646.158	64.8001127002
16.6837475384	41.1790880563	647.158	65.3319638548
16.6947499627	41.1755811231	648.158	65.8583183091
16.7057512087	41.172073143	649.158	66.3719049587
16.7167512765	41.1685641162	650.158	66.8659525354
16.7277501659	41.1650540431	651.158	67.3342348192
16.7387478769	41.1615429237	652.158	67.7711107974
16.7497444094	41.1580307585	653.158	68.171987275
16.7607397633	41.1545175476	654.158	68.5485013593
16.7717339386	41.1510032913	655.158	68.9083924342
16.7827269351	41.1474879898	656.158	69.252874956
16.7937187527	41.1439716433	657.158	69.5834500977
16.8047093915	41.1404542522	658.158	69.9018873385
16.8156988513	41.1369358166	659.158	70.2101998125
16.8266871321	41.1334163367	660.158	70.5106134052
16.8376742337	41.1298958129	661.158	70.8055295689
16.8486601562	41.1263742453	662.158	71.0974818909
16.8596448993	41.1228516342	663.158	71.3890863227
16.8706284631	41.1193279799	664.158	71.6829851502
16.8816108474	41.1158032826	665.158	71.9817846156
16.8925920523	41.1122775425	666.158	72.2879862308
16.9035720775	41.1087507598	667.158	72.6039117261
16.9145509231	41.1052229349	668.158	72.9316402187
16.925528589	41.1016940679	669.158	73.2812870988
16.936505075	41.0981641591	670.158	73.6567578324
16.9474803811	41.0946332088	671.158	74.0527457667
16.9584545073	41.0911012171	672.158	74.4637906345
16.9694274535	41.0875681843	673.158	74.8843222787
16.9803992195	41.0840341107	674.158	75.3087078074
16.9913698054	41.0804989965	675.158	75.7318922479
17.002339211	41.076962842	676.158	76.1497148972
17.0133074363	41.0734256473	677.158	76.5572891797
17.0242744811	41.0698874127	678.158	76.9498605971
17.0352403455	41.0663481386	679.158	77.3229031372
17.0462050294	41.062807825	680.158	77.6721880054
17.0571685326	41.0592664723	681.158	77.9938469128
17.0681308552	41.0557240806	682.158	78.2844299941
17.0790919969	41.0521806503	683.158	78.5409582239
17.0900519579	41.0486361816	684.158	78.7788254417
17.1010107379	41.0450906747	685.158	79.0233610501
17.111968337	41.0415441298	686.158	79.2707855798
17.122924755	41.0379965473	687.158	79.5169044218
17.1338799919	41.0344479273	688.158	79.7575099998
17.1448340476	41.03089827	689.158	79.9883995835
17.155786922	41.0273475758	690.158	80.2053936525
17.1667386152	41.0237958449	691.158	80.4043548203
17.1776891269	41.0202430774	692.158	80.5812072722
17.1886384572	41.0166892737	693.158	80.73195672
17.1995866059	41.013134434	694.158	80.85271095
17.210533573	41.0095785586	695.158	80.9397008598
17.2214793584	41.0060216476	696.158	80.9893020783
17.2324239621	41.0024637013	697.158	80.9980570755
17.24	41	697.85	80.9784653864
>  17.24, 41.00, D, -W1p,black
17.24	41	697.85	80.9784653864
17.246189635	41.0076849551	698.85	80.2161978715
17.2523807139	41.0153695791	699.85	79.3801206605
17.2585732374	41.0230538718	700.85	78.470332986
17.2647672061	41.0307378329	701.85	77.4888699165
17.2709626207	41.0384214624	702.85	76.4397093324
17.2771594818	41.04610476	703.85	75.3287862541
17.2833577902	41.0537877257	704.85	74.163984748
17.2895575465	41.0614703591	705.85	72.9550955417
17.2957587513	41.0691526603	706.85	71.7137389321
17.3019614054	41.0768346289	707.85	70.4532532671
17.3081655094	41.0845162648	708.85	69.1880908201
17.3143710639	41.0921975679	709.85	67.9045260531
17.3205780697	41.099878538	710.85	66.5961228934
17.3267865273	41.1075591749	711.85	65.2725212646
17.3329964376	41.1152394785	712.85	63.9434094274
17.3392078011	41.1229194486	713.85	62.6183978199
17.3454206185	41.1305990849	714.85	61.3069079032
17.3516348905	41.1382783875	715.85	60.0180762611
17.3578506178	41.145957356	716.85	58.7606740278
17.364067801	41.1536359903	717.85	57.5430414564
17.3702864408	41.1613142902	718.85	56.373037849
17.3765065378	41.1689922557	719.85	55.2580068053
17.3827280929	41.1766698864	720.85	54.2047568335
17.3889511065	41.1843471823	721.85	53.219557369
17.3951755794	41.1920241431	722.85	52.3081501562
17.4014015123	41.1997007688	723.85	51.4757761304
17.4076289058	41.207377059	724.85	50.7272178067
17.4138577606	41.2150530137	725.85	50.0668159265
17.4200880775	41.2227286328	726.85	49.4905697304
17.4263198569	41.2304039159	727.85	48.9943406665
17.4325530998	41.238078863	728.85	48.5790778683
17.4387878066	41.2457534739	729.85	48.2457638308
17.4450239781	41.2534277483	730.85	47.9951350995
17.4512616149	41.2611016863	731.85	47.8262846089
17.4575007178	41.2687752875	732.85	47.7413298881
17.4637412875	41.2764485518	733.85	47.7421301762
17.4699833245	41.284121479	734.85	47.8295658747
17.4762268295	41.291794069	735.85	48.0035783658
17.4824718034	41.2994663215	736.85	48.2632087787
17.4887182466	41.3071382365	737.85	48.6066356855
17.49496616	41.3148098138	738.85	49.031211764
17.5012155441	41.3224810531	739.85	49.5334993578
17.5074663997	41.3301519543	740.85	50.1093050307
17.5137187274	41.3378225173	741.85	50.7537130027
17.5199725279	41.3454927418	742.85	51.4611175407
17.5262278019	41.3531626278	743.85	52.2252542995
17.5324845501	41.3608321749	744.85	53.0392305322
17.5387427732	41.3685013831	745.85	53.8955543111
17.5450024718	41.3761702522	746.85	54.7861625849
17.5512636466	41.383838782	747.85	55.7024482204
17.5575262983	41.3915069723	748.85	56.6352859371
17.5637904276	41.399174823	749.85	57.5750571715
17.5700560351	41.4068423339	750.85	58.5116738282
17.5763231216	41.4145095048	751.85	59.4346009865
17.5825916878	41.4221763355	752.85	60.3487517325
17.5888617342	41.429842826	753.85	61.2991770854
17.5951332616	41.4375089759	754.85	62.2810734706
17.6014062707	41.4451747852	755.85	63.2838382557
17.6076807622	41.4528402536	756.85	64.2970719393
17.6139567367	41.460505381	757.85	65.3107149222
17.6202341949	41.4681701673	758.85	66.3151698519
17.6265131376	41.4758346122	759.85	67.3014095621
17.6327935653	41.4834987155	760.85	68.2610706364
17.6390754789	41.4911624772	761.85	69.1865325202
17.6453588789	41.4988258969	762.85	70.0709820447
17.6516437661	41.5064889747	763.85	70.908463627
17.6579301411	41.5141517102	764.85	71.693914709
17.6642180046	41.5218141033	765.85	72.4231868258
17.6705073574	41.5294761538	766.85	73.0930519436
17.6767982	41.5371378616	767.85	73.7011942319
17.6830905333	41.5447992265	768.85	74.2461871351
17.6893843578	41.5524602483	769.85	74.7274557932
17.6956796743	41.5601209268	770.85	75.1452247211
17.7019764835	41.5677812619	771.85	75.500450758
17.708274786	41.5754412534	772.85	75.7947412165
17.7145745826	41.583100901	773.85	76.0302572326
17.7208758738	41.5907602048	774.85	76.220396309
17.7271786605	41.5984191644	775.85	76.3823737409
17.7334829433	41.6060777797	776.85	76.5201656022
17.7397887229	41.6137360505	777.85	76.6367114714
17.746096	41.6213939766	778.85	76.7339167074
17.7524047753	41.629051558	779.85	76.8071293121
17.7587150495	41.6367087943	780.85	76.8519055683
17.7650268232	41.6443656854	781.85	76.8701550265
17.7713400971	41.6520222312	782.85	76.8632356013
17.7776548721	41.6596784314	783.85	76.8318758802
17.7839711486	41.667334286	784.85	76.7761144826
17.7902889275	41.6749897946	785.85	76.6952530752
17.7966082094	41.6826449572	786.85	76.5878232443
17.8029289951	41.6902997736	787.85	76.4515670917
17.8092512852	41.6979542436	788.85	76.2834317004
17.8155750804	41.7056083669	789.85	76.079577422
17.8219003814	41.7132621436	790.85	75.8354000575
17.8282271889	41.7209155732	791.85	75.54556694
17.8345555036	41.7285686558	792.85	75.2040669514
17.8408853262	41.7362213911	793.85	74.8042745079
17.8472166574	41.7438737789	794.85	74.3390275317
17.8535494978	41.7515258191	795.85	73.8008875388
17.8598838483	41.7591775115	796.85	73.1904646206
17.8662197095	41.7668288558	797.85	72.5089896428
17.872557082	41.774479852	798.85	71.7553320153
17.8788959666	41.7821304999	799.85	70.9292374234
17.885236364	41.7897807992	800.85	70.0313131102
17.8915782749	41.7974307498	801.85	69.0630013067
17.8979216999	41.8050803516	802.85	68.0265408678
17.9042666398	41.8127296043	803.85	66.9249170311
17.9106130953	41.8203785078	804.85	65.761799274
17.9169610671	41.8280270618	805.85	64.5423575709
17.9233105559	41.8356752663	806.85	63.2740703465
17.9296615623	41.843323121	807.85	61.9618990573
17.9360140871	41.8509706258	808.85	60.610630555
17.942368131	41.8586177805	809.85	59.2250012458
17.9487236947	41.8662645848	810.85	57.8096222356
17.9550807788	41.8739110387	811.85	56.3689160719
17.9614393841	41.8815571419	812.85	54.9070652406
17.9677995114	41.8892028943	813.85	53.4279722443
17.9741611612	41.8968482957	814.85	51.9352314976
17.9805243343	41.9044933459	815.85	50.4321128328
17.9868890314	41.9121380448	816.85	48.9215568346
17.9932552532	41.9197823921	817.85	47.4028357684
17.9996230005	41.9274263877	818.85	45.8439680941
18.0059922738	41.9350700313	819.85	44.2385959823
18.012363074	41.9427133229	820.85	42.5895035644
18.0187354016	41.9503562623	821.85	40.8995584404
18.0251092576	41.9579988492	822.85	39.1717613971
18.0314846424	41.9656410835	823.85	37.4092850869
18.0378615569	41.9732829649	824.85	35.6155014318
18.0442400017	41.9809244935	825.85	33.7939978153
18.0506199776	41.9885656688	826.85	31.9485821764
18.0570014853	41.9962064908	827.85	30.0832765714
18.0633845254	42.0038469593	828.85	28.2022997145
18.0697690987	42.0114870742	829.85	26.3100380162
18.0761552059	42.0191268351	830.85	24.4110054619
18.0825428477	42.026766242	831.85	22.5108137282
18.0889320248	42.0344052946	832.85	20.6190881264
18.0953227379	42.0420439929	833.85	18.7402737804
18.1017149878	42.0496823365	834.85	16.8777060041
18.1081087751	42.0573203254	835.85	15.0343796016
18.1145041005	42.0649579593	836.85	13.2129340101
18.1209009648	42.0725952381	837.85	11.4156436762
18.1272993686	42.0802321616	838.85	9.64441399575
18.1336993128	42.0878687295	839.85	7.89617565151
18.1401007979	42.0955049418	840.85	6.14892289905
18.1465038247	42.1031407983	841.85	4.39783028831
18.152908394	42.1107762987	842.85	2.64094450479
18.1593145063	42.1184114428	843.85	0.876516654233
18.1657221626	42.1260462306	844.85	-0.896933276875
18.1721313634	42.1336806618	845.85	-2.68054465777
18.1785421094	42.1413147362	846.85	-4.47503770843
18.1849544014	42.1489484537	847.85	-6.28062779513
18.1913682402	42.156581814	848.85	-8.09693260721
18.1977836263	42.1642148171	849.85	-9.92287233482
18.2042005606	42.1718474626	850.85	-11.756562686
18.2106190438	42.1794797505	851.85	-13.595200852
18.2170390765	42.1871116805	852.85	-15.4349442048
18.2234606594	42.1947432525	853.85	-17.2707820316
18.2298837934	42.2023744662	854.85	-19.0963999746
18.2363084791	42.2100053216	855.85	-20.9040373342
18.2427347172	42.2176358183	856.85	-22.6843371439
18.2491625085	42.2252659563	857.85	-24.430669609
18.2555918536	42.2328957354	858.85	-26.1488708933
18.2620227533	42.2405251553	859.85	-27.8200665263
18.2684552083	42.2481542159	860.85	-29.4189362938
18.2748892194	42.255782917	861.85	-30.9157043094
18.2813247871	42.2634112584	862.85	-32.2782113946
18.2877619124	42.2710392399	863.85	-33.4792916158
18.2942005958	42.2786668614	864.85	-34.4943034105
18.3006408381	42.2862941227	865.85	-35.301867562
18.3070826401	42.2939210235	866.85	-35.8846753049
18.3135260024	42.3015475638	867.85	-36.2301720004
18.3199709257	42.3091737432	868.85	-36.3311162309
18.3264174109	42.3167995617	869.85	-36.1860138442
18.3328654586	42.3244250191	870.85	-35.7994268251
18.3393150694	42.3320501151	871.85	-35.1821567682
18.3457662443	42.3396748495	872.85	-34.3513025859
18.3522189838	42.3472992223	873.85	-33.3301921831
18.3586732888	42.3549232332	874.85	-32.1481880938
18.3651291598	42.362546882	875.85	-30.8403664332
18.3715865977	42.3701701685	876.85	-29.4470692073
18.3780456032	42.3777930926	877.85	-28.013329568
18.384506177	42.3854156541	878.85	-26.5881698674
18.3909683198	42.3930378528	879.85	-25.2237721271
18.3974320324	42.4006596884	880.85	-23.9745207483
18.4038973154	42.4082811609	881.85	-22.8959171196
18.4103641697	42.41590227	882.85	-22.0433660281
18.4168325959	42.4235230156	883.85	-21.3993153295
18.4233025947	42.4311433974	884.85	-20.8632565246
18.4297741669	42.4387634153	885.85	-20.4364339992
18.4362473133	42.4463830691	886.85	-20.1199993593
18.4427220344	42.4540023585	887.85	-19.9131531084
18.4491983312	42.4616212835	888.85	-19.8136493379
18.4556762042	42.4692398439	889.85	-19.818247408
18.4621556543	42.4768580393	890.85	-19.9231104225
18.4686366822	42.4844758698	891.85	-20.1241504787
18.4751192885	42.492093335	892.85	-20.4173204948
18.481603474	42.4997104348	893.85	-20.7988525889
18.4880892395	42.5073271689	894.85	-21.265442825
18.4945765857	42.5149435373	895.85	-21.8143822929
18.5010655133	42.5225595398	896.85	-22.4436343117
18.507556023	42.530175176	897.85	-23.1518577232
18.5140481156	42.5377904459	898.85	-23.9383762039
18.5205417918	42.5454053493	899.85	-24.8030933228
18.5270370523	42.5530198859	900.85	-25.7463533879
18.533533898	42.5606340557	901.85	-26.7687479623
18.5400323294	42.5682478583	902.85	-27.8708677526
18.5465323473	42.5758612937	903.85	-29.0530000952
18.5530339526	42.5834743616	904.85	-30.3147715409
18.5595371458	42.5910870618	905.85	-31.7107860884
18.5660419278	42.5986993942	906.85	-33.295537713
18.5725482993	42.6063113585	907.85	-35.0570027384
18.579056261	42.6139229546	908.85	-36.9808104845
18.5855658136	42.6215341823	909.85	-39.0480370417
18.5920769579	42.6291450414	910.85	-41.2419071177
18.5985896947	42.6367555317	911.85	-43.5477873943
18.6051040246	42.644365653	912.85	-45.9504219317
18.6116199484	42.6519754052	913.85	-48.433842256
18.6181374668	42.659584788	914.85	-50.9813169057
18.6246565806	42.6671938013	915.85	-53.5753408929
18.6311772905	42.6748024448	916.85	-56.1976647061
18.6376995973	42.6824107184	917.85	-58.8293634169
18.6442235016	42.6900186219	918.85	-61.450945501
18.6507490043	42.6976261551	919.85	-64.042501868
18.657276106	42.7052333178	920.85	-66.5838948643
18.6638048076	42.7128401098	921.85	-69.0549875865
18.6703351097	42.7204465309	922.85	-71.4359133492
18.6768670131	42.728052581	923.85	-73.7073856396
18.6834005185	42.7356582598	924.85	-75.8510483446
18.6899356267	42.7432635672	925.85	-77.8498667026
18.6964723384	42.750868503	926.85	-79.6888641743
18.7030106544	42.758473067	927.85	-81.431066169
18.7095505753	42.7660772589	928.85	-83.1176900201
18.716092102	42.7736810786	929.85	-84.7291775142
18.7226352352	42.781284526	930.85	-86.246996888
18.7291799756	42.7888876007	931.85	-87.6538597718
18.735726324	42.7964903027	932.85	-88.9339295934
18.7422742811	42.8040926317	933.85	-90.0730210307
18.7488238477	42.8116945876	934.85	-91.0560336199
18.7553750245	42.8192961701	935.85	-91.8597584962
18.7619278122	42.8268973791	936.85	-92.4722916763
18.7684822116	42.8344982144	937.85	-92.8874294697
18.7750382235	42.8420986757	938.85	-93.1038649884
18.7815958485	42.849698763	939.85	-93.1253306145
18.7881550875	42.8572984759	940.85	-92.9606184463
18.7947159412	42.8648978143	941.85	-92.6234788708
18.8012784103	42.8724967781	942.85	-92.1323966247
18.8078424956	42.8800953669	943.85	-91.5102442708
18.8144081978	42.8876935807	944.85	-90.783812908
18.8209755177	42.8952914193	945.85	-89.9832196434
18.827544456	42.9028888824	946.85	-89.1411917993
18.8341150135	42.9104859698	947.85	-88.2922274324
18.8406871909	42.9180826814	948.85	-87.4712516843
18.847260989	42.925679017	949.85	-86.6908789068
18.8538364085	42.9332749763	950.85	-85.9803119159
18.8604134502	42.9408705592	951.85	-85.3780937606
18.8669921148	42.9484657655	952.85	-84.9134321809
18.8735724031	42.956060595	953.85	-84.6056466649
18.8801543159	42.9636550475	954.85	-84.4638058521
18.8867378538	42.9712491229	955.85	-84.4865556447
18.8933230176	42.9788428208	956.85	-84.6621383299
18.8999098082	42.9864361411	957.85	-84.9686033188
18.9064982262	42.9940290837	958.85	-85.3742097205
18.9130882723	43.0016216483	959.85	-85.8361264474
18.9196799475	43.0092138348	960.85	-86.2722711066
18.9262732523	43.0168056429	961.85	-86.6281156293
18.9328681876	43.0243970725	962.85	-86.8663330248
18.9394647541	43.0319881233	963.85	-86.95323452
18.9460629526	43.0395787952	964.85	-86.8598335527
18.9526627838	43.0471690879	965.85	-86.5627279853
18.9592642485	43.0547590014	966.85	-86.0448002437
18.9658673474	43.0623485353	967.85	-85.2957349047
18.9724720813	43.0699376895	968.85	-84.3123534684
18.979078451	43.0775264638	969.85	-83.0987658261
18.9856864571	43.085114858	970.85	-81.6681481371
18.9922961006	43.0927028718	971.85	-80.0951999198
18.9989073821	43.1002905052	972.85	-78.3823986413
19.0055203023	43.1078777579	973.85	-76.4981055925
19.0121348621	43.1154646298	974.85	-74.4233057926
19.0187510622	43.1230511205	975.85	-72.1523084187
19.0253689034	43.13063723	976.85	-69.6931157691
19.0319883864	43.138222958	977.85	-67.0674604291
19.038609512	43.1458083043	978.85	-64.3105096649
19.0452322809	43.1533932687	979.85	-61.4702366245
19.0518566939	43.1609778511	980.85	-58.6064573663
19.0584827518	43.1685620513	981.85	-55.789533307
19.0651104553	43.176145869	982.85	-53.0987382405
19.0717398053	43.183729304	983.85	-50.6202891125
19.0783708023	43.1913123562	984.85	-48.4443371617
19.0850034473	43.1988950254	985.85	-46.5545930352
19.091637741	43.2064773113	986.85	-44.913497046
19.0982736841	43.2140592137	987.85	-43.5370864687
19.1049112775	43.2216407326	988.85	-42.4377724082
19.1115505218	43.2292218676	989.85	-41.623953397
19.1181914178	43.2368026186	990.85	-41.0997638727
19.1248339664	43.2443829854	991.85	-40.8649582024
19.1314781682	43.2519629677	992.85	-40.9144876997
19.1381240241	43.2595425654	993.85	-41.2196788842
19.1447715347	43.2671217783	994.85	-41.7407142896
19.151420701	43.2747006062	995.85	-42.4389951587
19.1580715235	43.2822790489	996.85	-43.2741358982
19.1647240032	43.2898571061	997.85	-44.2055506676
19.1713781408	43.2974347778	998.85	-45.1938459679
19.1780339369	43.3050120636	999.85	-46.2020192566
19.1846913925	43.3125889635	1000.85	-47.1964630529
19.1913505083	43.3201654771	1001.85	-48.1477739147
19.198011285	43.3277416043	1002.85	-49.0313662111
19.2046737235	43.3353173449	1003.85	-49.8278901154
19.2113378244	43.3428926987	1004.85	-50.5234533252
19.2180035886	43.3504676656	1005.85	-51.1096463481
19.2246710168	43.3580422452	1006.85	-51.5833706612
19.2313401098	43.3656164374	1007.85	-51.9464695491
19.2380108684	43.373190242	1008.85	-52.205161096
19.2446832934	43.3807636588	1009.85	-52.3694142588
19.2513573854	43.3883366877	1010.85	-52.4774865164
19.2580331453	43.3959093283	1011.85	-52.5494381135
19.2647105739	43.4034815805	1012.85	-52.5829012797
19.271389672	43.4110534442	1013.85	-52.5783881323
19.2780704402	43.418624919	1014.85	-52.5403493625
19.2847528794	43.4261960048	1015.85	-52.5092606088
19.2914369904	43.4337667015	1016.85	-52.5026278985
19.2981227739	43.4413370087	1017.85	-52.51951589
19.3048102307	43.4489069264	1018.85	-52.5591760585
19.3114993617	43.4564764542	1019.85	-52.6208426506
19.3181901674	43.464045592	1020.85	-52.7035561852
19.3248826488	43.4716143397	1021.85	-52.8060146144
19.3315768066	43.4791826969	1022.85	-52.9264521409
19.3382726416	43.4867506636	1023.85	-53.0625458038
19.3449701546	43.4943182394	1024.85	-53.21134985
19.35	43.5	1025.6	-53.3292836661
>  19.35, 43.50, E, -W1p,yellow
19.35	43.5	1025.6	-53.3292836661
19.3623975783	43.5000765787	1026.6	-53.4087574993
19.3747951878	43.500151818	1027.6	-53.4812786046
19.387192828	43.5002257179	1028.6	-53.5515756239
19.3995904982	43.5002982782	1029.6	-53.6243648307
19.4119881979	43.5003694991	1030.6	-53.7040652394
19.4243859266	43.5004393806	1031.6	-53.7671879413
19.4367836838	43.5005079225	1032.6	-53.8006575129
19.4491814688	43.500575125	1033.6	-53.8104167871
19.4615792811	43.5006409879	1034.6	-53.8023773935
19.4739771202	43.5007055114	1035.6	-53.7824212535
19.4863749855	43.5007686953	1036.6	-53.7564020491
19.4987728765	43.5008305398	1037.6	-53.7301467155
19.5111707926	43.5008910447	1038.6	-53.7094569056
19.5235687333	43.5009502101	1039.6	-53.7001104776
19.5359666981	43.5010080359	1040.6	-53.7078629617
19.5483646862	43.5010645222	1041.6	-53.7384490381
19.5607626974	43.501119669	1042.6	-53.7975840055
19.5731607309	43.5011734762	1043.6	-53.8909652489
19.5855587862	43.5012259439	1044.6	-54.0280315376
19.5979568628	43.5012770721	1045.6	-54.2182967535
19.6103549601	43.5013268606	1046.6	-54.4524071778
19.6227530776	43.5013753096	1047.6	-54.7200182721
19.6351512147	43.5014224191	1048.6	-55.0108550683
19.6475493709	43.5014681889	1049.6	-55.3147080716
19.6599475456	43.5015126192	1050.6	-55.6214291183
19.6723457383	43.5015557099	1051.6	-55.9209272868
19.6847439484	43.5015974611	1052.6	-56.2031647475
19.6971421753	43.5016378726	1053.6	-56.458152673
19.7095404186	43.5016769445	1054.6	-56.6759470689
19.7219386777	43.5017146769	1055.6	-56.846644651
19.734336952	43.5017510696	1056.6	-56.9603787484
19.746735241	43.5017861227	1057.6	-57.0076977189
19.7591335441	43.5018198363	1058.6	-56.9913248962
19.7715318607	43.5018522102	1059.6	-56.920708513
19.7839301904	43.5018832445	1060.6	-56.8038103505
19.7963285325	43.5019129392	1061.6	-56.6485740719
19.8087268866	43.5019412943	1062.6	-56.462926254
19.8211252521	43.5019683097	1063.6	-56.2547774554
19.8335236283	43.5019939856	1064.6	-56.0320232291
19.8459220149	43.5020183218	1065.6	-55.8025452477
19.8583204111	43.5020413184	1066.6	-55.5742123077
19.8707188165	43.5020629753	1067.6	-55.3548814299
19.8831172306	43.5020832926	1068.6	-55.1523988986
19.8955156527	43.5021022703	1069.6	-54.9746013625
19.9079140823	43.5021199084	1070.6	-54.8293168901
19.920312519	43.5021362068	1071.6	-54.7230248393
19.932710962	43.5021511656	1072.6	-54.6522512375
19.9451094109	43.5021647847	1073.6	-54.6090735133
19.9575078651	43.5021770642	1074.6	-54.5855312201
19.9699063241	43.502188004	1075.6	-54.5736475604
19.9823047873	43.5021976043	1076.6	-54.5654319664
19.9947032541	43.5022058648	1077.6	-54.5528827241
20.0071017241	43.5022127857	1078.6	-54.5279895445
20.0195001967	43.502218367	1079.6	-54.4827361815
20.0318986712	43.5022226086	1080.6	-54.4091030217
20.0442971473	43.5022255106	1081.6	-54.2990696815
20.0566956242	43.502227073	1082.6	-54.1446176084
20.0690941015	43.5022272957	1083.6	-53.9377326655
20.0814925787	43.5022261787	1084.6	-53.6733111212
20.0938910551	43.5022237221	1085.6	-53.3716058767
20.1062895302	43.5022199259	1086.6	-53.0386090099
20.1186880035	43.50221479	1087.6	-52.6748879335
20.1310864744	43.5022083144	1088.6	-52.2810133828
20.1434849424	43.5022004992	1089.6	-51.8575604517
20.1558834068	43.5021913444	1090.6	-51.4051096277
20.1682818673	43.5021808499	1091.6	-50.9242478068
20.1806803231	43.5021690158	1092.6	-50.4155693919
20.1930787739	43.5021558421	1093.6	-49.8796772691
20.2054772189	43.5021413287	1094.6	-49.3171838862
20.2178756577	43.5021254756	1095.6	-48.7287122737
20.2302740897	43.502108283	1096.6	-48.1148971216
20.2426725144	43.5020897507	1097.6	-47.4763857476
20.2550709312	43.5020698787	1098.6	-46.7874134739
20.2674693395	43.5020486671	1099.6	-46.0286578927
20.2798677389	43.5020261159	1100.6	-45.2125611808
20.2922661287	43.5020022251	1101.6	-44.3515702626
20.3046645085	43.5019769946	1102.6	-43.458131249
20.3170628776	43.5019504246	1103.6	-42.5446883888
20.3294612355	43.5019225149	1104.6	-41.6236828593
20.3418595817	43.5018932655	1105.6	-40.7075517079
20.3542579155	43.5018626766	1106.6	-39.8087267395
20.3666562366	43.501830748	1107.6	-38.9396333215
20.3790545443	43.5017974799	1108.6	-38.1126893639
20.391452838	43.5017628721	1109.6	-37.3403041276
20.4038511172	43.5017269247	1110.6	-36.634877134
20.4162493814	43.5016896378	1111.6	-36.012984994
20.42864763	43.5016510112	1112.6	-35.4937998301
20.4410458625	43.501611045	1113.6	-35.061544493
20.4534440782	43.5015697393	1114.6	-34.69685823
20.4658422768	43.5015270939	1115.6	-34.3803085436
20.4782404575	43.501483109	1116.6	-34.0923843737
20.4906386199	43.5014377845	1117.6	-33.8134892785
20.5030367634	43.5013911204	1118.6	-33.5239346097
20.5154348875	43.5013431168	1119.6	-33.2039326719
20.5278329916	43.5012937735	1120.6	-32.8335899422
20.5402310751	43.5012430908	1121.6	-32.3929001492
20.5526291376	43.5011910684	1122.6	-31.8617375627
20.5650271784	43.5011377066	1123.6	-31.2198500269
20.577425197	43.5010830051	1124.6	-30.4460270485
20.5898231929	43.5010269641	1125.6	-29.4796197062
20.6022211655	43.5009695836	1126.6	-28.3204907706
20.6146191142	43.5009108636	1127.6	-27.0076460308
20.6270170386	43.500850804	1128.6	-25.58020467
20.639414938	43.5007894049	1129.6	-24.0774073788
20.6518128119	43.5007266663	1130.6	-22.538624431
20.6642106598	43.5006625882	1131.6	-21.0033637865
20.6766084811	43.5005971706	1132.6	-19.5112791981
20.6890062752	43.5005304135	1133.6	-18.1021782932
20.7014040417	43.5004623168	1134.6	-16.8160306465
20.7138017799	43.5003928807	1135.6	-15.6929759287
20.7261994893	43.5003221052	1136.6	-14.7733319534
20.7385971694	43.5002499901	1137.6	-14.0976027808
20.7509948196	43.5001765356	1138.6	-13.6848635956
20.7633924394	43.5001017416	1139.6	-13.4842372592
20.7757900281	43.5000256082	1140.6	-13.4686610992
20.7881875854	43.4999481353	1141.6	-13.6136491241
20.8005851105	43.499869323	1142.6	-13.894716257
20.812982603	43.4997891713	1143.6	-14.2873780711
20.8253800623	43.4997076801	1144.6	-14.7671505263
20.8377774878	43.4996248495	1145.6	-15.3095497446
20.8501748791	43.4995406795	1146.6	-15.8900917456
20.8625722355	43.4994551701	1147.6	-16.4842921796
20.8749695566	43.4993683213	1148.6	-17.0676661058
20.8873668417	43.4992801332	1149.6	-17.6157277227
20.8997640903	43.4991906056	1150.6	-18.1039901068
20.9121613018	43.4990997387	1151.6	-18.5177271853
20.9245584758	43.4990075324	1152.6	-18.9967746649
20.9369556117	43.4989139868	1153.6	-19.5732694271
20.9493527088	43.4988191018	1154.6	-20.2198682016
20.9617497667	43.4987228775	1155.6	-20.9091560765
20.9741467848	43.4986253138	1156.6	-21.6136435451
20.9865437626	43.4985264109	1157.6	-22.3057636582
20.9989406995	43.4984261686	1158.6	-22.957869072
21.011337595	43.498324587	1159.6	-23.5422292056
21.0237344485	43.4982216662	1160.6	-24.0310273125
21.0361312594	43.498117406	1161.6	-24.3963575852
21.0485280273	43.4980118066	1162.6	-24.6102222849
21.0609247515	43.4979048679	1163.6	-24.6445288138
21.0733214315	43.49779659	1164.6	-24.4710868442
21.0857180668	43.4976869728	1165.6	-24.0000915678
21.0981146568	43.4975760164	1166.6	-23.158621231
21.110511201	43.4974637208	1167.6	-22.015957918
21.1229076988	43.4973500859	1168.6	-20.6432732079
21.1353041497	43.4972351119	1169.6	-19.1117684818
21.1477005531	43.4971187987	1170.6	-17.4926758784
21.1600969084	43.4970011463	1171.6	-15.8572592056
21.1724932152	43.4968821547	1172.6	-14.2768148327
21.1848894728	43.4967618239	1173.6	-12.8226726721
21.1972856808	43.496640154	1174.6	-11.5661970114
21.2096818385	43.496517145	1175.6	-10.5787874911
21.2220779454	43.4963927968	1176.6	-9.93187994941
21.2344740011	43.4962671096	1177.6	-9.69694733244
21.2468700048	43.4961400832	1178.6	-9.94417688781
21.2592659561	43.4960117177	1179.6	-10.6850891202
21.2716618545	43.4958820132	1180.6	-11.8522711453
21.2840576993	43.4957509696	1181.6	-13.372841408
21.29645349	43.4956185869	1182.6	-15.1738822602
21.3088492261	43.4954848652	1183.6	-17.1824391411
21.3212449071	43.4953498045	1184.6	-19.3255197898
21.3336405323	43.4952134047	1185.6	-21.5300934287
21.3460361012	43.4950756659	1186.6	-23.7230900497
21.3584316133	43.4949365882	1187.6	-25.8313996397
21.3708270681	43.4947961714	1188.6	-27.7818714647
21.3832224649	43.4946544157	1189.6	-29.5013132707
21.3956178033	43.494511321	1190.6	-30.9164907045
21.4080130826	43.4943668874	1191.6	-31.9541391071
21.4204083024	43.4942211149	1192.6	-32.7017307164
21.4328034621	43.4940740034	1193.6	-33.2959851405
21.4451985611	43.493925553	1194.6	-33.7455020464
21.4575935989	43.4937757638	1195.6	-34.0588864975
21.4699885749	43.4936246357	1196.6	-34.2447492234
21.4823834886	43.4934721687	1197.6	-34.3117068616
21.4947783394	43.4933183628	1198.6	-34.2683822316
21.5071731269	43.4931632181	1199.6	-34.1234045979
21.5195678504	43.4930067347	1200.6	-33.8854099628
21.5319625093	43.4928489123	1201.6	-33.5630413834
21.5443571033	43.4926897513	1202.6	-33.1649491511
21.5567516316	43.4925292514	1203.6	-32.6997912364
21.5691460937	43.4923674128	1204.6	-32.1762334573
21.5815404892	43.4922042354	1205.6	-31.5768328243
21.5939348174	43.4920397193	1206.6	-30.8026663174
21.6063290778	43.4918738644	1207.6	-29.8659640098
21.6187232699	43.4917066709	1208.6	-28.7930896548
21.631117393	43.4915381387	1209.6	-27.6104752671
21.6435114467	43.4913682678	1210.6	-26.3446222593
21.6559054305	43.4911970582	1211.6	-25.0221026874
21.6682993436	43.49102451	1212.6	-23.6695604588
21.6806931857	43.4908506232	1213.6	-22.313712432
21.6930869562	43.4906753978	1214.6	-20.9813496553
21.7054806544	43.4904988338	1215.6	-19.6993384875
21.7178742799	43.4903209312	1216.6	-18.4946216833
21.7302678322	43.49014169	1217.6	-17.3942195501
21.74	43.49	1218.39	-16.6208648829
>  21.74, 43.49, F, -W1p,cyan
21.74	43.49	1218.39	-16.6208648829
21.7506346255	43.4946212002	1219.39	-15.5352027077
21.7612708786	43.4992414148	1220.39	-14.3967320723
21.7719087594	43.5038606432	1221.39	-13.228391928
21.7825482681	43.5084788854	1222.39	-12.051416421
21.7931894049	43.5130961408	1223.39	-10.8846600993
21.8038321699	43.5177124093	1224.39	-9.74449092448
21.8144765633	43.5223276905	1225.39	-8.64477040646
21.8251225853	43.5269419841	1226.39	-7.59692067773
21.8357702359	43.5315552898	1227.39	-6.61007852765
21.8464195155	43.5361676073	1228.39	-5.69133624593
21.8570704241	43.5407789363	1229.39	-4.84606937931
21.8677229618	43.5453892765	1230.39	-4.07835115415
21.878377129	43.5499986275	1231.39	-3.39145363889
21.8890329257	43.554606989	1232.39	-2.78843557338
21.8996903521	43.5592143608	1233.39	-2.27281673405
21.9103494083	43.5638207425	1234.39	-1.85180415217
21.9210100946	43.5684261338	1235.39	-1.55839051017
21.931672411	43.5730305344	1236.39	-1.37367673669
21.9423363578	43.577633944	1237.39	-1.27110023004
21.953001935	43.5822363623	1238.39	-1.23422599283
21.9636691429	43.5868377889	1239.39	-1.25399727186
21.9743379817	43.5914382236	1240.39	-1.31940902759
21.9850084514	43.5960376661	1241.39	-1.42201971746
21.9956805522	43.600636116	1242.39	-1.55568783404
22.0063542843	43.605233573	1243.39	-1.71545705179
22.0170296479	43.6098300368	1244.39	-1.8967162251
22.0277066431	43.6144255071	1245.39	-2.094422447
22.0383852701	43.6190199836	1246.39	-2.30238714898
22.049065529	43.623613466	1247.39	-2.51262517539
22.05974742	43.628205954	1248.39	-2.71476681917
22.0704309433	43.6327974472	1249.39	-2.89553275318
22.0811160989	43.6373879454	1250.39	-3.05193356174
22.0918028871	43.6419774481	1251.39	-3.21606292991
22.102491308	43.6465659553	1252.39	-3.39281453035
22.1131813618	43.6511534664	1253.39	-3.58258972579
22.1238730487	43.6557399812	1254.39	-3.78414230068
22.1345663687	43.6603254994	1255.39	-3.99522120399
22.1452613221	43.6649100206	1256.39	-4.21316245039
22.1559579089	43.6694935447	1257.39	-4.43543022652
22.1666561294	43.6740760711	1258.39	-4.66010715597
22.1773559838	43.6786575997	1259.39	-4.88633390583
22.1880574721	43.6832381302	1260.39	-5.11469799213
22.1987605945	43.6878176621	1261.39	-5.34757193889
22.2094653512	43.6923961953	1262.39	-5.58940082255
22.2201717423	43.6969737293	1263.39	-5.84693913183
22.230879768	43.7015502639	1264.39	-6.12943712495
22.2415894285	43.7061257988	1265.39	-6.44843388787
22.2523007238	43.7107003336	1266.39	-6.79330221727
22.2630136542	43.715273868	1267.39	-7.15300887861
22.2737282198	43.7198464018	1268.39	-7.52701508917
22.2844444208	43.7244179346	1269.39	-7.91404140392
22.2951622572	43.7289884661	1270.39	-8.312051269
22.3058817293	43.7335579959	1271.39	-8.71826447764
22.3166028372	43.7381265239	1272.39	-9.12920049434
22.3273255811	43.7426940496	1273.39	-9.54075163218
22.3380499611	43.7472605727	1274.39	-9.94828608208
22.3487759773	43.751826093	1275.39	-10.3472645792
22.35950363	43.7563906101	1276.39	-10.7406717291
22.3702329192	43.7609541238	1277.39	-11.1257216635
22.3809638452	43.7655166336	1278.39	-11.4964565556
22.391696408	43.7700781393	1279.39	-11.8467877738
22.4024306078	43.7746386405	1280.39	-12.170440941
22.4131664448	43.7791981371	1281.39	-12.4658892009
22.4239039191	43.7837566285	1282.39	-12.751884315
22.4346430309	43.7883141146	1283.39	-13.0373519791
22.4453837803	43.792870595	1284.39	-13.3290618935
22.4561261675	43.7974260694	1285.39	-13.6327938347
22.4668701925	43.8019805375	1286.39	-13.9529891321
22.4776158557	43.806533999	1287.39	-14.29244376
22.488363157	43.8110864535	1288.39	-14.6520429476
22.4991120967	43.8156379008	1289.39	-15.030537375
22.5098626749	43.8201883405	1290.39	-15.4243608232
22.5206148918	43.8247377724	1291.39	-15.8274893288
22.5313687475	43.829286196	1292.39	-16.2313417573
22.5421242421	43.8338336112	1293.39	-16.6247218133
22.5528813758	43.8383800175	1294.39	-16.993801413
22.5636401487	43.8429254146	1295.39	-17.3221454206
22.574400561	43.8474698024	1296.39	-17.5910805671
22.5851626129	43.8520131803	1297.39	-17.8013032491
22.5959263044	43.8565555482	1298.39	-17.9482416753
22.6066916358	43.8610969057	1299.39	-18.0179242625
22.6174586071	43.8656372525	1300.39	-17.9996749523
22.6282272185	43.8701765883	1301.39	-17.8861665606
22.6389974702	43.8747149127	1302.39	-17.6734357536
22.6497693623	43.8792522255	1303.39	-17.3608596783
22.660542895	43.8837885263	1304.39	-16.9510942884
22.6713180683	43.8883238148	1305.39	-16.4499743798
22.6820948824	43.8928580908	1306.39	-15.8663753552
22.6928733376	43.8973913538	1307.39	-15.212036793
22.7036534338	43.9019236036	1308.39	-14.5013477886
22.7144351713	43.9064548399	1309.39	-13.7510941226
22.7252185503	43.9109850623	1310.39	-12.9801673196
22.7360035707	43.9155142706	1311.39	-12.2092355625
22.7467902329	43.9200424644	1312.39	-11.4392960959
22.7575785368	43.9245696434	1313.39	-10.6181076501
22.7683684828	43.9290958072	1314.39	-9.74718742528
22.7791600709	43.9336209557	1315.39	-8.83214903071
22.7899533012	43.9381450884	1316.39	-7.87807071531
22.8007481739	43.942668205	1317.39	-6.88972020232
22.8115446891	43.9471903053	1318.39	-5.87176009946
22.8223428471	43.9517113889	1319.39	-4.82893383237
22.8331426478	43.9562314555	1320.39	-3.76623209628
22.8439440915	43.9607505047	1321.39	-2.68903984106
22.8547471783	43.9652685364	1322.39	-1.60326382171
22.8655519083	43.96978555	1323.39	-0.515440833607
22.8763582817	43.9743015455	1324.39	0.567173684386
22.8871662985	43.9788165223	1325.39	1.63653613275
22.89	43.98	1325.65	1.9135995252
