
>  9.98, 39.94, -W1p
9.98	39.94	0	2.76429409692
9.99172570582	39.9402292037	1	2.71899041235
10.00345149	39.9404572262	2	2.67895697388
10.0151773521	39.9406840674	3	2.6445364456
10.0269032918	39.9409097275	4	2.61477393377
10.0386293086	39.9411342063	5	2.58877384732
10.0503554021	39.9413575039	6	2.56707555856
10.062081572	39.9415796201	7	2.5486458987
10.0738078178	39.9418005551	8	2.5325610149
10.0855341391	39.9420203088	9	2.51936844472
10.0972605356	39.9422388812	10	2.50795228402
10.1089870067	39.9424562722	11	2.49762074674
10.1207135522	39.9426724819	12	2.4887649967
10.1324401716	39.9428875101	13	2.48062539124
10.1441668645	39.943101357	14	2.47302729552
10.1558936304	39.9433140225	15	2.46605358601
10.1676204691	39.9435255066	16	2.4589740741
10.1793473801	39.9437358092	17	2.45180561064
10.191074363	39.9439449304	18	2.44445625711
10.2028014173	39.9441528701	19	2.43629878786
10.2145285428	39.9443596283	20	2.42710993034
10.2262557389	39.944565205	21	2.41731201177
10.2379830052	39.9447696002	22	2.40730637039
10.2497103415	39.9449728138	23	2.39680167006
10.2614377472	39.9451748459	24	2.38638453781
10.273165222	39.9453756965	25	2.37665266327
10.2848927654	39.9455753654	26	2.36726805957
10.2966203771	39.9457738528	27	2.35892498106
10.3083480566	39.9459711585	28	2.35235524998
10.3200758036	39.9461672826	29	2.34730079657
10.3318036176	39.9463622251	30	2.34302695139
10.3435314983	39.9465559859	31	2.33927968575
10.3552594452	39.9467485651	32	2.3362319344
10.3669874579	39.9469399625	33	2.33338487866
10.378715536	39.9471301783	34	2.33061835723
10.3904436791	39.9473192124	35	2.32805326855
10.4021718869	39.9475070647	36	2.32559422912
10.4139001589	39.9476937352	37	2.32334474445
10.4256284946	39.9478792241	38	2.3211510818
10.4373568938	39.9480635311	39	2.31873132955
10.449085356	39.9482466564	40	2.31616071987
10.4608138807	39.9484285998	41	2.31337712328
10.4725424677	39.9486093615	42	2.31025722016
10.4842711164	39.9487889413	43	2.30685864671
10.4959998265	39.9489673392	44	2.30310440133
10.5077285976	39.9491445553	45	2.29889891361
10.5194574292	39.9493205896	46	2.29426646954
10.531186321	39.949495442	47	2.28926894157
10.5429152726	39.9496691124	48	2.2839287577
10.5546442835	39.949841601	49	2.27823195086
10.5663733534	39.9500129076	50	2.27224962952
10.5781024818	39.9501830323	51	2.26598316608
10.5898316684	39.9503519751	52	2.2594448514
10.6015609126	39.9505197358	53	2.25274033758
10.6132902143	39.9506863147	54	2.24593937568
10.6250195728	39.9508517115	55	2.23894505277
10.6367489879	39.9510159263	56	2.23162103351
10.6484784591	39.9511789591	57	2.22392601974
10.660207986	39.9513408099	58	2.21598958816
10.6719375682	39.9515014787	59	2.20790233542
10.6836672053	39.9516609654	60	2.1995311219
10.6953968969	39.95181927	61	2.19121891217
10.7071266426	39.9519763926	62	2.18330236167
10.718856442	39.9521323331	63	2.17565069922
10.7305862946	39.9522870914	64	2.16817455346
10.7423162002	39.9524406677	65	2.16078975939
10.7540461582	39.9525930619	66	2.15352359256
10.7657761683	39.9527442739	67	2.14660574458
10.77750623	39.9528943038	68	2.14001582273
10.789236343	39.9530431515	69	2.13379618502
10.8009665069	39.953190817	70	2.12841906573
10.8126967212	39.9533373004	71	2.12398264416
10.8244269855	39.9534826016	72	2.12037272263
10.8361572995	39.9536267206	73	2.11762466401
10.8478876627	39.9537696573	74	2.11568824267
10.8596180748	39.9539114119	75	2.11465934253
10.8713485352	39.9540519842	76	2.1146713982
10.8830790437	39.9541913743	77	2.11564875782
10.8948095998	39.9543295821	78	2.11773746524
10.9065402031	39.9544666076	79	2.12115992986
10.9182708532	39.9546024509	80	2.12593305146
10.9300015497	39.9547371119	81	2.131662819
10.9417322922	39.9548705906	82	2.13813254003
10.9534630803	39.955002887	83	2.14548523508
10.9651939136	39.955134001	84	2.15333827074
10.9769247916	39.9552639328	85	2.16155626508
10.988655714	39.9553926821	86	2.17022090748
11.0003866804	39.9555202492	87	2.17900176232
11.0121176904	39.9556466339	88	2.18786718463
11.0238487434	39.9557718362	89	2.19680883077
11.0355798393	39.9558958562	90	2.20558686048
11.0473109775	39.9560186937	91	2.21426165613
11.0590421576	39.9561403489	92	2.22273881018
11.0707733793	39.9562608217	93	2.23079990802
11.0825046421	39.956380112	94	2.23853276364
11.0942359456	39.95649822	95	2.24580753388
11.1059672894	39.9566151455	96	2.25241459513
11.1176986731	39.9567308885	97	2.25836702163
11.1294300964	39.9568454491	98	2.26383032099
11.1411615587	39.9569588273	99	2.26890265969
11.1528930598	39.957071023	100	2.27352332119
11.1646245991	39.9571820362	101	2.27784310014
11.1763561763	39.9572918669	102	2.28193161944
11.1880877911	39.9574005151	103	2.28574860733
11.1998194428	39.9575079809	104	2.28941881027
11.2115511313	39.9576142641	105	2.29290348384
11.223282856	39.9577193648	106	2.29626224347
11.2350146166	39.957823283	107	2.29978444854
11.2467464126	39.9579260186	108	2.30341290281
11.2584782437	39.9580275717	109	2.30724889566
11.2702101094	39.9581279423	110	2.31158136933
11.2819420093	39.9582271303	111	2.31632212084
11.2936739431	39.9583251357	112	2.32159911089
11.3054059103	39.9584219586	113	2.32766584586
11.3171379105	39.9585175988	114	2.33456037215
11.3288699433	39.9586120565	115	2.34195794058
11.3406020084	39.9587053317	116	2.34963971871
11.3523341052	39.9587974242	117	2.35775022397
11.3640662335	39.9588883341	118	2.36594770489
11.3757983927	39.9589780613	119	2.37405386278
11.3875305825	39.959066606	120	2.38218028726
11.3992628025	39.959153968	121	2.3899971636
11.4109950523	39.9592401474	122	2.39733642357
11.4227273315	39.9593251442	123	2.40431787584
11.4344596396	39.9594089583	124	2.41097434864
11.4461919762	39.9594915898	125	2.41727920276
11.4579243411	39.9595730386	126	2.42327240703
11.4696567336	39.9596533047	127	2.42904579068
11.4813891535	39.9597323881	128	2.43453588119
11.4931216004	39.9598102889	129	2.43985312356
11.5048540737	39.959887007	130	2.44514577374
11.5165865732	39.9599625424	131	2.45028303767
11.5283190984	39.9600368951	132	2.45553519318
11.540051649	39.9601100651	133	2.4611314142
11.5517842244	39.9601820524	134	2.46688598974
11.5635168243	39.960252857	135	2.47329246796
11.5752494483	39.9603224788	136	2.48062439667
11.5869820961	39.960390918	137	2.4886960737
11.598714767	39.9604581744	138	2.49810816869
11.6104474609	39.960524248	139	2.50939976824
11.6221801773	39.960589139	140	2.52218398509
11.6339129157	39.9606528472	141	2.53564246456
11.6456456757	39.9607153726	142	2.54982795953
11.6573784571	39.9607767153	143	2.56458904758
11.6691112592	39.9608368752	144	2.57906419196
11.6808440819	39.9608958523	145	2.59343032087
11.6925769245	39.9609536467	146	2.60742830951
11.7043097868	39.9610102584	147	2.6204084933
11.7160426683	39.9610656872	148	2.63254671207
11.7277755686	39.9611199333	149	2.64369605177
11.7395084874	39.9611729965	150	2.65363428927
11.7512414241	39.961224877	151	2.66255182591
11.7629743785	39.9612755747	152	2.66996668242
11.77470735	39.9613250896	153	2.6755940685
11.7864403384	39.9613734217	154	2.6796528052
11.7981733431	39.961420571	155	2.68138870724
11.8099063638	39.9614665375	156	2.67999655953
11.8216394001	39.9615113211	157	2.67597324886
11.8333724515	39.961554922	158	2.67076433545
11.8451055177	39.96159734	159	2.6645101402
11.8568385983	39.9616385752	160	2.65721149677
11.8685716928	39.9616786276	161	2.65006067182
11.8803048008	39.9617174972	162	2.64297053442
11.892037922	39.9617551839	163	2.63607737122
11.9037710559	39.9617916878	164	2.63005666437
11.9155042021	39.9618270089	165	2.62469998101
11.9272373603	39.9618611471	166	2.62028316332
11.93897053	39.9618941025	167	2.61724446113
11.9507037107	39.961925875	168	2.61537950776
11.9624369022	39.9619564647	169	2.61499330265
11.974170104	39.9619858715	170	2.61636867266
11.9859033157	39.9620140955	171	2.61935300346
11.9976365368	39.9620411366	172	2.6241873824
12.009369767	39.9620669949	173	2.6312655205
12.0211030059	39.9620916703	174	2.64039968834
12.0328362531	39.9621151629	175	2.65059365153
12.0445695081	39.9621374726	176	2.66178655337
12.0563027706	39.9621585994	177	2.67392651744
12.0680360401	39.9621785434	178	2.68576765246
12.0797693163	39.9621973045	179	2.69748725162
12.0915025987	39.9622148827	180	2.70875897962
12.1032358869	39.9622312781	181	2.71834738176
12.1149691806	39.9622464906	182	2.72596662977
12.1267024793	39.9622605202	183	2.73244527359
12.1384357826	39.9622733669	184	2.73849218298
12.15016909	39.9622850308	185	2.74374256406
12.1619024013	39.9622955118	186	2.74882559324
12.173635716	39.9623048099	187	2.75434937004
12.1853690337	39.9623129252	188	2.7599629329
12.197102354	39.9623198576	189	2.76634852243
12.2088356764	39.962325607	190	2.77411447844
12.2205690006	39.9623301737	191	2.78297706154
12.2323023262	39.9623335574	192	2.79257295573
12.2440356527	39.9623357583	193	2.80276154736
12.2557689798	39.9623367763	194	2.8136359147
12.267502307	39.9623366114	195	2.82508988362
12.279235634	39.9623352636	196	2.83700063146
12.2909689603	39.9623327329	197	2.8495292647
12.3027022855	39.9623290194	198	2.86296378756
12.3144356093	39.962324123	199	2.87745101392
12.3261689311	39.9623180437	200	2.89268050078
12.3379022507	39.9623107815	201	2.90829504666
12.3496355676	39.9623023365	202	2.92434691752
12.3613688814	39.9622927086	203	2.9408698419
12.3731021917	39.9622818978	204	2.95783174045
12.384835498	39.9622699041	205	2.97522247867
12.3965688001	39.9622567276	206	2.99312880878
12.4083020974	39.9622423682	207	3.01167595897
12.4200353896	39.9622268259	208	3.03083962731
12.4317686762	39.9622101008	209	3.05030903332
12.4435019569	39.9621921927	210	3.0699851432
12.4552352313	39.9621731018	211	3.08992637769
12.4669684989	39.9621528281	212	3.10984115999
12.4787017593	39.9621313715	213	3.12973000826
12.4904350122	39.962108732	214	3.1495613717
12.5021682571	39.9620849097	215	3.16905761184
12.5139014936	39.9620599045	216	3.18860691956
12.5256347214	39.9620337164	217	3.20754844526
12.5373679399	39.9620063455	218	3.22480015713
12.5491011488	39.9619777917	219	3.24086571675
12.5608343478	39.9619480551	220	3.25491150209
12.5725675363	39.9619171356	221	3.26585401898
12.5843007141	39.9618850333	222	3.27418483852
12.5960338806	39.9618517482	223	3.27920194056
12.6077670354	39.9618172802	224	3.27998808514
12.6195001783	39.9617816293	225	3.27675359833
12.6312333087	39.9617447957	226	3.27068388975
12.6429664262	39.9617067792	227	3.26213083394
12.6546995306	39.9616675798	228	3.25086386735
12.6664326212	39.9616271977	229	3.23844373926
12.6781656978	39.9615856327	230	3.2250261728
12.6898987599	39.9615428849	231	3.21062589665
12.7016318072	39.9614989542	232	3.19679082931
12.7133648391	39.9614538408	233	3.1835645646
12.7250978554	39.9614075445	234	3.17090620729
12.7368308556	39.9613600655	235	3.15939584003
12.7485638393	39.9613114036	236	3.14878218388
12.7602968061	39.961261559	237	3.13948140303
12.7720297556	39.9612105315	238	3.1320910147
12.7837626874	39.9611583212	239	3.12630126574
12.795495601	39.9611049282	240	3.12265571158
12.8072284961	39.9610503524	241	3.12181146911
12.8189613723	39.9609945938	242	3.12361115734
12.8306942292	39.9609376524	243	3.12754500158
12.8424270663	39.9608795283	244	3.13338150686
12.8541598833	39.9608202213	245	3.14126614348
12.8658926797	39.9607597317	246	3.15078911636
12.8776254551	39.9606980592	247	3.16182035002
12.8893582092	39.960635204	248	3.17443949512
12.9010909415	39.9605711661	249	3.18841149242
12.9128236516	39.9605059454	250	3.20402788831
12.9245563391	39.960439542	251	3.22083688831
12.9362890037	39.9603719558	252	3.23784974661
12.9480216448	39.9603031869	253	3.25536785806
12.9597542622	39.9602332353	254	3.27292834587
12.9714868553	39.960162101	255	3.28968825391
12.9832194238	39.960089784	256	3.30604044718
12.9949519673	39.9600162842	257	3.32135195372
13.0066844854	39.9599416018	258	3.33483538279
13.0184169777	39.9598657367	259	3.34672228638
13.0301494437	39.9597886888	260	3.35719920629
13.041881883	39.9597104583	261	3.36634435893
13.0536142954	39.9596310451	262	3.37411829422
13.0653466802	39.9595504493	263	3.38055414872
13.0770790373	39.9594686708	264	3.385671216
13.088811366	39.9593857096	265	3.38945699053
13.1005436661	39.9593015657	266	3.39191311821
13.1122759371	39.9592162393	267	3.39271363327
13.1240081786	39.9591297301	268	3.39229329359
13.1357403902	39.9590420384	269	3.39162463164
13.1474725715	39.958953164	270	3.39035494962
13.1592047222	39.958863107	271	3.38906317469
13.1709368417	39.9587718674	272	3.38887373195
13.1826689297	39.9586794452	273	3.38926488656
13.1944009858	39.9585858404	274	3.39109789216
13.2061330096	39.9584910529	275	3.39558088117
13.2178650007	39.958395083	276	3.40248461339
13.2295969586	39.9582979304	277	3.41128847894
13.241328883	39.9581995952	278	3.42172727159
13.2530607734	39.9581000775	279	3.43395926954
13.2647926295	39.9579993773	280	3.44765526629
13.2765244509	39.9578974945	281	3.46266792637
13.288256237	39.9577944291	282	3.47908782935
13.2999879877	39.9576901813	283	3.4966637176
13.3117197023	39.9575847509	284	3.51550383918
13.3234513806	39.957478138	285	3.53544973771
13.335183022	39.9573703426	286	3.55585732972
13.3469146263	39.9572613646	287	3.57691858459
13.358646193	39.9571512042	288	3.59831878005
13.3703777217	39.9570398613	289	3.61930074452
13.382109212	39.956927336	290	3.64015967875
13.3938406635	39.9568136282	291	3.66043647905
13.4055720758	39.9566987379	292	3.67939862399
13.4173034485	39.9565826652	293	3.69718587876
13.4290347811	39.95646541	294	3.71393363275
13.4407660733	39.9563469724	295	3.72966633142
13.4524973247	39.9562273524	296	3.74435255925
13.4642285348	39.95610655	297	3.75813608685
13.4759597033	39.9559845651	298	3.7710706998
13.4876908297	39.9558613979	299	3.78312246292
13.4994219136	39.9557370483	300	3.79449450957
13.5111529547	39.9556115163	301	3.80521440514
13.5228839526	39.955484802	302	3.8152686898
13.5346149067	39.9553569053	303	3.82485687475
13.5463458168	39.9552278263	304	3.83383664967
13.5580766824	39.9550975649	305	3.84243535613
13.5698075031	39.9549661212	306	3.85115772741
13.5815382785	39.9548334952	307	3.8597349279
13.5932690082	39.9546996869	308	3.86862980863
13.6049996919	39.9545646963	309	3.87860445356
13.616730329	39.9544285234	310	3.88960076246
13.6284609191	39.9542911682	311	3.9012591437
13.640191462	39.9541526308	312	3.91330742056
13.6519219571	39.9540129111	313	3.9257945293
13.6636524042	39.9538720092	314	3.93893088676
13.6753828026	39.953729925	315	3.95272598728
13.6871131522	39.9535866586	316	3.96712490729
13.6988434524	39.95344221	317	3.98277579916
13.7105737028	39.9532965793	318	4.00023387348
13.7223039031	39.9531497663	319	4.0190717954
13.7340340528	39.9530017711	320	4.03842716685
13.7457641515	39.9528525938	321	4.05821818322
13.7574941989	39.9527022344	322	4.07847525484
13.7692241945	39.9525506928	323	4.09874294461
13.780954138	39.952397969	324	4.11899903341
13.7926840288	39.9522440632	325	4.139339336
13.8044138667	39.9520889752	326	4.1597950915
13.8161436511	39.9519327052	327	4.18050131836
13.8278733818	39.951775253	328	4.20118037696
13.8396030582	39.9516166188	329	4.22153854192
13.8513326801	39.9514568026	330	4.24171617126
13.8630622469	39.9512958043	331	4.26152469133
13.8747917583	39.9511336239	332	4.28079485453
13.8865212139	39.9509702616	333	4.29960860192
13.8982506132	39.9508057172	334	4.31790051309
13.9099799559	39.9506399908	335	4.33552375105
13.9217092416	39.9504730825	336	4.35259900403
13.9334384698	39.9503049921	337	4.36961280977
13.9451676402	39.9501357199	338	4.38657330656
13.9568967524	39.9499652656	339	4.40351353649
13.9686258058	39.9497936295	340	4.42090325057
13.9803548003	39.9496208114	341	4.43868348865
13.9920837352	39.9494468114	342	4.4569216121
14.0038126103	39.9492716295	343	4.4759170017
14.0155414251	39.9490952658	344	4.49559520727
14.0272701792	39.9489177202	345	4.51602237469
14.0389988722	39.9487389927	346	4.53733766654
14.0507275038	39.9485590834	347	4.55948799902
14.0624560734	39.9483779922	348	4.58250454364
14.0741845808	39.9481957193	349	4.60644108426
14.0859130254	39.9480122646	350	4.63128034655
14.0976414069	39.947827628	351	4.65701249373
14.109369725	39.9476418097	352	4.68375067065
14.1210979791	39.9474548097	353	4.7114783229
14.1328261688	39.9472666279	354	4.73975973795
14.1445542939	39.9470772644	355	4.76862987335
14.1562823538	39.9468867192	356	4.79801435143
14.1680103482	39.9466949922	357	4.82715060479
14.1797382767	39.9465020836	358	4.85623974487
14.1914661388	39.9463079934	359	4.88494625998
14.2031939342	39.9461127214	360	4.91225776164
14.2149216624	39.9459162679	361	4.93812552407
14.226649323	39.9457186327	362	4.96283225249
14.2383769157	39.9455198159	363	4.98650809319
14.2501044401	39.9453198175	364	5.00919480753
14.2618318956	39.9451186376	365	5.0306715268
14.273559282	39.944916276	366	5.05078591758
14.2852865988	39.944712733	367	5.06965612818
14.2970138457	39.9445080084	368	5.08691210327
14.3087410221	39.9443021023	369	5.10212122366
14.3204681278	39.9440950146	370	5.11542897999
14.3321951622	39.9438867455	371	5.12753894675
14.3439221251	39.943677295	372	5.1385071156
14.3556490159	39.943466663	373	5.14832936308
14.3673758344	39.9432548495	374	5.15810677281
14.37910258	39.9430418547	375	5.16772529201
14.3908292525	39.9428276784	376	5.17743394825
14.4025558513	39.9426123207	377	5.18850937796
14.4142823761	39.9423957817	378	5.2013922661
14.4260088265	39.9421780613	379	5.21520271301
14.437735202	39.9419591596	380	5.22907182623
14.4494615023	39.9417390766	381	5.24334524599
14.461187727	39.9415178122	382	5.25750242901
14.4729138756	39.9412953666	383	5.27086635749
14.4846399478	39.9410717397	384	5.28371679013
14.4963659431	39.9408469315	385	5.29569813406
14.5080918612	39.9406209422	386	5.3063719421
14.5198177016	39.9403937716	387	5.31585341639
14.531543464	39.9401654198	388	5.32456865424
14.54	39.94	388.721	5.33045798682
>  14.54, 39.94, -W1p
14.54	39.94	388.721	5.33045798682
14.5474440583	39.9469502267	389.721	5.35382014298
14.5548896293	39.9538999773	390.721	5.3785610581
14.5623367135	39.9608492515	391.721	5.40464115259
14.5697853116	39.9677980491	392.721	5.43183614975
14.577235424	39.9747463699	393.721	5.46044983266
14.5846870514	39.9816942136	394.721	5.49062570321
14.5921401943	39.9886415801	395.721	5.52174396447
14.5995948534	39.9955884692	396.721	5.55269044312
14.6070510292	40.0025348805	397.721	5.58235044563
14.6145087222	40.009480814	398.721	5.61110892441
14.6219679331	40.0164262694	399.721	5.64013625695
14.6294286625	40.0233712465	400.721	5.67031725301
14.6368909109	40.030315745	401.721	5.70194613455
14.6443546788	40.0372597648	402.721	5.73465000315
14.6518199669	40.0442033056	403.721	5.76862945012
14.6592867758	40.0511463672	404.721	5.80402591574
14.666755106	40.0580889495	405.721	5.84075223266
14.6742249582	40.0650310521	406.721	5.87849458036
14.6816963328	40.0719726749	407.721	5.91713624259
14.6891692304	40.0789138177	408.721	5.95685652657
14.6966436518	40.0858544802	409.721	5.99708290426
14.7041195973	40.0927946622	410.721	6.03688770879
14.7115970677	40.0997343635	411.721	6.07549470645
14.7190760634	40.106673584	412.721	6.11284272446
14.7265565851	40.1136123233	413.721	6.14949792149
14.7340386334	40.1205505812	414.721	6.18579360832
14.7415222088	40.1274883577	415.721	6.2215809208
14.7490073119	40.1344256523	416.721	6.25661795089
14.7564939433	40.141362465	417.721	6.29071641616
14.7639821036	40.1482987954	418.721	6.32382955356
14.7714717933	40.1552346434	419.721	6.3560208978
14.7789630131	40.1621700088	420.721	6.38727457143
14.7864557635	40.1691048913	421.721	6.41762349637
14.7939500451	40.1760392908	422.721	6.44717419427
14.8014458584	40.1829732069	423.721	6.47609147304
14.8089432042	40.1899066396	424.721	6.50434009634
14.8164420829	40.1968395885	425.721	6.53202784608
14.8239424951	40.2037720535	426.721	6.55939906691
14.8314444414	40.2107040343	427.721	6.58676774798
14.8389479224	40.2176355307	428.721	6.61419537927
14.8464529388	40.2245665426	429.721	6.64154197007
14.8539594909	40.2314970696	430.721	6.66890650272
14.8614675796	40.2384271116	431.721	6.69635281067
14.8689772052	40.2453566683	432.721	6.72401440664
14.8764883685	40.2522857396	433.721	6.75165729179
14.88400107	40.2592143251	434.721	6.77915247416
14.8915153102	40.2661424248	435.721	6.80633990231
14.8990310898	40.2730700383	436.721	6.83298177758
14.9065484094	40.2799971655	437.721	6.85883850399
14.9140672696	40.2869238061	438.721	6.8836947381
14.9215876708	40.29384996	439.721	6.90737494403
14.9291096138	40.3007756268	440.721	6.92999464015
14.936633099	40.3077008064	441.721	6.95162746251
14.9441581271	40.3146254986	442.721	6.9725473312
14.95	40.32	443.497	6.98842853165
>  14.95, 40.32, -W1p
14.95	40.32	443.497	6.98842853165
14.957532434	40.3269208768	444.497	7.00861796284
14.9650664127	40.3338412649	445.497	7.02869715932
14.9726019369	40.3407611641	446.497	7.04864295956
14.980139007	40.3476805743	447.497	7.06857910985
14.9876776237	40.3545994951	448.497	7.08878367474
14.9952177876	40.3615179264	449.497	7.10956232552
15.0027594992	40.3684358679	450.497	7.131285646
15.0103027591	40.3753533195	451.497	7.1540195812
15.0178475679	40.3822702808	452.497	7.17800683711
15.0253939263	40.3891867518	453.497	7.2032719566
15.0329418347	40.3961027321	454.497	7.22919327979
15.0404912938	40.4030182215	455.497	7.25531526251
15.0480423041	40.4099332199	456.497	7.28076494466
15.0555948663	40.4168477269	457.497	7.3044894915
15.063148981	40.4237617425	458.497	7.3259487422
15.0707046487	40.4306752663	459.497	7.34537276526
15.0782618699	40.4375882981	460.497	7.36381672265
15.0858206454	40.4445008377	461.497	7.37979378664
15.0933809757	40.451412885	462.497	7.39381691527
15.1009428614	40.4583244396	463.497	7.4072080893
15.108506303	40.4652355013	464.497	7.42185484438
15.1160713012	40.47214607	465.497	7.43864689864
15.1236378566	40.4790561454	466.497	7.45734500456
15.1312059697	40.4859657273	467.497	7.4785759286
15.1387756411	40.4928748154	468.497	7.50220572468
15.1463468714	40.4997834095	469.497	7.52860232344
15.1539196613	40.5066915095	470.497	7.55644439611
15.1614940112	40.5135991151	471.497	7.58417190059
15.1690699219	40.520506226	472.497	7.61121237817
15.1766473938	40.5274128421	473.497	7.6378267699
15.1842264276	40.5343189631	474.497	7.6640106696
15.1918070238	40.5412245889	475.497	7.68845316414
15.1993891832	40.5481297191	476.497	7.71071177287
15.2069729061	40.5550343535	477.497	7.73199106393
15.2145581933	40.561938492	478.497	7.75365338602
15.2221450454	40.5688421343	479.497	7.77642706361
15.2297334628	40.5757452802	480.497	7.79855405309
15.2373234463	40.5826479294	481.497	7.81945032115
15.2449149964	40.5895500818	482.497	7.84037628218
15.2525081137	40.5964517371	483.497	7.86162591454
15.2601027987	40.6033528951	484.497	7.88338672953
15.2676990522	40.6102535555	485.497	7.90523284847
15.2752968746	40.6171537182	486.497	7.92707327989
15.2828962667	40.6240533829	487.497	7.94942362096
15.2904972288	40.6309525494	488.497	7.97236199153
15.2980997618	40.6378512175	489.497	7.99595935357
15.3057038661	40.6447493869	490.497	8.02175221916
15.3133095423	40.6516470575	491.497	8.04982507687
15.3209167911	40.6585442289	492.497	8.07947955986
15.328525613	40.665440901	493.497	8.10979646546
15.3361360087	40.6723370736	494.497	8.1407137682
15.3437479787	40.6792327464	495.497	8.17435611461
15.3513615236	40.6861279192	496.497	8.21002126162
15.358976644	40.6930225917	497.497	8.24598240049
15.3665933405	40.6999167638	498.497	8.2797894161
15.3742116137	40.7068104352	499.497	8.31133563035
15.3818314643	40.7137036057	500.497	8.34024515737
15.3894528927	40.7205962751	501.497	8.36364319974
15.3970758997	40.7274884432	502.497	8.38051167552
15.4047004857	40.7343801096	503.497	8.39146597178
15.4123266514	40.7412712742	504.497	8.39767940782
15.4199543974	40.7481619368	505.497	8.39999243947
15.4275837243	40.7550520972	506.497	8.39908003814
15.4352146326	40.761941755	507.497	8.39545482734
15.442847123	40.7688309102	508.497	8.3878888962
15.4504811961	40.7757195624	509.497	8.37713476478
15.4581168525	40.7826077114	510.497	8.36408359962
15.4657540927	40.7894953571	511.497	8.34937599316
15.4733929174	40.7963824991	512.497	8.33328741161
15.4810333272	40.8032691373	513.497	8.31503871825
15.4886753226	40.8101552714	514.497	8.29328671557
15.4963189043	40.8170409012	515.497	8.26830951414
15.5039640728	40.8239260264	516.497	8.24139903976
15.5116108288	40.830810647	517.497	8.21446131496
15.5192591729	40.8376947625	518.497	8.18891183844
15.5269091056	40.8445783728	519.497	8.16384541099
15.5345606276	40.8514614777	520.497	8.14005667785
15.5422137394	40.8583440769	521.497	8.11808808173
15.5498684416	40.8652261703	522.497	8.09852274555
15.557524735	40.8721077575	523.497	8.08108652689
15.5651826199	40.8789888383	524.497	8.06456778008
15.5728420972	40.8858694126	525.497	8.04899864957
15.5805031672	40.8927494801	526.497	8.03443036527
15.5881658308	40.8996290405	527.497	8.02163958122
15.5958300884	40.9065080937	528.497	8.01144116197
15.6034959406	40.9133866394	529.497	8.00366843363
15.6111633881	40.9202646773	530.497	7.99734378696
15.6188324314	40.9271422073	531.497	7.99112567926
15.6265030713	40.9340192292	532.497	7.98418885037
15.6341753081	40.9408957426	533.497	7.97679632178
15.6418491427	40.9477717474	534.497	7.96909772614
15.6495245755	40.9546472433	535.497	7.96077532213
15.6572016071	40.9615222301	536.497	7.95158691379
15.6648802383	40.9683967076	537.497	7.94144691769
15.6725604695	40.9752706756	538.497	7.93092733582
15.6802423013	40.9821441338	539.497	7.92030956649
15.6879257345	40.9890170819	540.497	7.90939323351
15.6956107695	40.9958895198	541.497	7.89766949468
15.703297407	41.0027614473	542.497	7.88454534923
15.7109856477	41.009632864	543.497	7.87018949338
15.7186754919	41.0165037698	544.497	7.85566157695
15.7263669405	41.0233741644	545.497	7.84192106129
15.734059994	41.0302440476	546.497	7.82953490311
15.741754653	41.0371134192	547.497	7.81864110829
15.7494509181	41.043982279	548.497	7.80900975606
15.7571487899	41.0508506267	549.497	7.80089054122
15.764848269	41.057718462	550.497	7.79438377094
15.772549356	41.0645857848	551.497	7.78941365099
15.7802520516	41.0714525948	552.497	7.78586031384
15.7879563563	41.0783188918	553.497	7.78343423949
15.7956622707	41.0851846756	554.497	7.78200313607
15.8033697955	41.0920499459	555.497	7.78143042073
15.8110789312	41.0989147025	556.497	7.78142891592
15.8187896784	41.1057789451	557.497	7.78172522939
15.8265020378	41.1126426736	558.497	7.78207493642
15.83421601	41.1195058876	559.497	7.78216958848
15.8419315956	41.1263685871	560.497	7.78173355726
15.8496487951	41.1332307717	561.497	7.78061332456
15.8573676092	41.1400924411	562.497	7.77875357896
15.8650880385	41.1469535953	563.497	7.77607339292
15.8728100836	41.1538142339	564.497	7.77261343571
15.8805337451	41.1606743567	565.497	7.76840431264
15.8882590236	41.1675339634	566.497	7.76371656744
15.8959859198	41.1743930539	567.497	7.75861477374
15.9037144341	41.1812516279	568.497	7.75355042691
15.9114445673	41.1881096852	569.497	7.74927659233
15.91917632	41.1949672255	570.497	7.74614682592
15.9269096927	41.2018242487	571.497	7.74401914569
15.9346446861	41.2086807544	572.497	7.7422553645
15.9423813007	41.2155367424	573.497	7.74064215104
15.9501195372	41.2223922126	574.497	7.73915132394
15.9578593962	41.2292471646	575.497	7.73760319468
15.9656008783	41.2361015983	576.497	7.73583426769
15.9733439841	41.2429555133	577.497	7.73391167609
15.9810887142	41.2498089096	578.497	7.73182153213
15.9888350693	41.2566617868	579.497	7.72933268627
15.9965830498	41.2635141447	580.497	7.7261235008
16.0043326566	41.270365983	581.497	7.72186730789
16.0120838901	41.2772173016	582.497	7.71651409573
16.0198367509	41.2840681002	583.497	7.70972662296
16.0275912397	41.2909183786	584.497	7.70145617178
16.0353473572	41.2977681364	585.497	7.69203562084
16.0431051038	41.3046173736	586.497	7.68161030455
16.0508644802	41.3114660899	587.497	7.67046851142
16.0586254871	41.3183142849	588.497	7.65898399083
16.0663881249	41.3251619586	589.497	7.64740832186
16.0741523945	41.3320091106	590.497	7.63564826207
16.0819182963	41.3388557408	591.497	7.62362545288
16.0896858309	41.3457018488	592.497	7.61159495909
16.0974549991	41.3525474345	593.497	7.59944418365
16.1052258013	41.3593924976	594.497	7.58687533739
16.1129982382	41.3662370378	595.497	7.57344746803
16.1207723105	41.373081055	596.497	7.55897633532
16.1285480187	41.3799245489	597.497	7.54347747173
16.1363253634	41.3867675193	598.497	7.52702598934
16.14	41.39	598.969	7.51892565491
>  16.14, 41.39, -W1p
16.14	41.39	598.969	7.51892565491
16.1501759049	41.394753998	599.969	7.50151729819
16.1603532982	41.3995070994	600.969	7.48298616752
16.1705321801	41.4042593038	601.969	7.46326442159
16.1807125509	41.4090106111	602.969	7.44258268934
16.1908944107	41.4137610209	603.969	7.42033482512
16.2010777596	41.418510533	604.969	7.39606466091
16.2112625979	41.423259147	605.969	7.37002035471
16.2214489257	41.4280068628	606.969	7.34320951561
16.2316367433	41.4327536799	607.969	7.31635215289
16.2418260508	41.4374995982	608.969	7.28941733282
16.2520168484	41.4422446173	609.969	7.26208294592
16.2622091363	41.446988737	610.969	7.23463358794
16.2724029147	41.451731957	611.969	7.20724291122
16.2825981837	41.4564742769	612.969	7.17986266025
16.2927949435	41.4612156966	613.969	7.15272971748
16.3029931944	41.4659562158	614.969	7.12622191349
16.3131929365	41.4706958341	615.969	7.10047883215
16.32339417	41.4754345512	616.969	7.07528767541
16.3335968951	41.480172367	617.969	7.0504682793
16.3438011119	41.4849092811	618.969	7.02582461986
16.3540068206	41.4896452932	619.969	7.00151185761
16.3642140215	41.494380403	620.969	6.97765541224
16.3744227147	41.4991146103	621.969	6.95408994726
16.3846329003	41.5038479148	622.969	6.9309791594
16.3948445786	41.5085803162	623.969	6.9099442154
16.4050577498	41.5133118142	624.969	6.89205084459
16.415272414	41.5180424085	625.969	6.87660808849
16.4254885714	41.5227720989	626.969	6.86181701271
16.4357062222	41.5275008851	627.969	6.84655628602
16.4459253666	41.5322287667	628.969	6.83106634512
16.4561460048	41.5369557436	629.969	6.81564226662
16.4663681368	41.5416818154	630.969	6.80047666264
16.476591763	41.5464069818	631.969	6.78538312655
16.4868168835	41.5511312425	632.969	6.77033241289
16.4970434985	41.5558545974	633.969	6.75497866519
16.5072716081	41.560577046	634.969	6.73869942271
16.5175012125	41.5652985882	635.969	6.72100978442
16.527732312	41.5700192235	636.969	6.70184687021
16.5379649067	41.5747389519	637.969	6.68176497981
16.5481989967	41.5794577728	638.969	6.66068297812
16.5584345823	41.5841756862	639.969	6.63846235188
16.5686716636	41.5888926916	640.969	6.61507777905
16.5789102408	41.5936087889	641.969	6.59089612952
16.5891503142	41.5983239776	642.969	6.56548098057
16.5993918838	41.6030382576	643.969	6.5379000821
16.6096349498	41.6077516286	644.969	6.50779888046
16.6198795125	41.6124640903	645.969	6.47591482045
16.6301255719	41.6171756423	646.969	6.44300817409
16.6403731284	41.6218862845	647.969	6.40943133491
16.650622182	41.6265960164	648.969	6.37500035445
16.6608727329	41.6313048379	649.969	6.33957041117
16.6711247813	41.6360127487	650.969	6.30302937663
16.6813783275	41.6407197485	651.969	6.26544844039
16.6916333714	41.6454258369	652.969	6.22661041505
16.7018899135	41.6501310137	653.969	6.18629784331
16.7121479537	41.6548352787	654.969	6.14458562411
16.7224074924	41.6595386315	655.969	6.10164465515
16.7326685296	41.6642410719	656.969	6.05751330897
16.7429310655	41.6689425995	657.969	6.01220677586
16.7531951004	41.6736432141	658.969	5.96564292056
16.7634606344	41.6783429154	659.969	5.91773329396
16.7737276676	41.6830417031	660.969	5.86843598831
16.7839962003	41.687739577	661.969	5.81781254539
16.7942662326	41.6924365367	662.969	5.76586987192
16.8045377647	41.697132582	663.969	5.71267719362
16.8148107968	41.7018277125	664.969	5.65837237764
16.825085329	41.7065219281	665.969	5.60277839121
16.8353613615	41.7112152283	666.969	5.54566364794
16.8456388946	41.715907613	667.969	5.48701754164
16.8559179283	41.7205990818	668.969	5.42687866144
16.8661984628	41.7252896345	669.969	5.36521887555
16.8764804983	41.7299792708	670.969	5.30196652888
16.8867640351	41.7346679903	671.969	5.23717257579
16.8970490731	41.7393557928	672.969	5.17097585778
16.9073356128	41.7440426781	673.969	5.10320429233
16.9176236541	41.7487286458	674.969	5.03358899079
16.9279131973	41.7534136956	675.969	4.96252431163
16.9382042425	41.7580978273	676.969	4.89041886114
16.94849679	41.7627810406	677.969	4.81686673601
16.9587908398	41.7674633351	678.969	4.74242451223
16.9690863922	41.7721447107	679.969	4.66785892086
16.9793834474	41.776825167	680.969	4.59276532682
16.9896820054	41.7815047037	681.969	4.51747892004
16.9999820666	41.7861833206	682.969	4.44313305229
17.0102836309	41.7908610174	683.969	4.37054563738
17.0205866987	41.7955377937	684.969	4.29952956969
17.0308912701	41.8002136493	685.969	4.22967150177
17.0411973453	41.8048885839	686.969	4.16060217992
17.0515049243	41.8095625973	687.969	4.09249125677
17.0618140075	41.814235689	688.969	4.02536846105
17.0721245949	41.818907859	689.969	3.95921259053
17.0824366868	41.8235791068	690.969	3.89393709288
17.0927502833	41.8282494321	691.969	3.82976785898
17.1030653846	41.8329188348	692.969	3.76672990445
17.1133819908	41.8375873145	693.969	3.70472372377
17.1237001021	41.8422548709	694.969	3.64354595524
17.1340197187	41.8469215037	695.969	3.58295809557
17.1443408408	41.8515872127	696.969	3.5229430728
17.1546634684	41.8562519975	697.969	3.46345234279
17.1649876019	41.8609158579	698.969	3.40438004078
17.1753132413	41.8655787936	699.969	3.34571598415
17.1856403869	41.8702408044	700.969	3.28752521645
17.1959690387	41.8749018898	701.969	3.22980555059
17.206299197	41.8795620496	702.969	3.1724840243
17.2166308619	41.8842212837	703.969	3.11560802854
17.2269640336	41.8888795915	704.969	3.0590242921
17.2372987122	41.8935369729	705.969	3.00257891276
17.247634898	41.8981934277	706.969	2.94634447536
17.2579725911	41.9028489554	707.969	2.89014934329
17.2683117916	41.9075035558	708.969	2.83376633903
17.2786524998	41.9121572287	709.969	2.7772600271
17.2889947157	41.9168099737	710.969	2.72037635673
17.2993384396	41.9214617905	711.969	2.6627165943
17.3096836716	41.9261126789	712.969	2.60409543222
17.3200304119	41.9307626386	713.969	2.54478448603
17.3303786606	41.9354116693	714.969	2.48510648834
17.340728418	41.9400597706	715.969	2.42514754353
17.3510796841	41.9447069424	716.969	2.36468445805
17.3614324591	41.9493531843	717.969	2.30399703786
17.3717867433	41.9539984961	718.969	2.24337035786
17.3821425368	41.9586428774	719.969	2.18267812928
17.3924998396	41.963286328	720.969	2.12207263587
17.4028586521	41.9679288475	721.969	2.06179969026
17.4132189743	41.9725704358	722.969	2.00193089783
17.4235808065	41.9772110924	723.969	1.94241198829
17.4339441487	41.9818508172	724.969	1.88317350626
17.4443090012	41.9864896098	725.969	1.82434357639
17.4546753641	41.9911274699	726.969	1.76594177521
17.4650432376	41.9957643973	727.969	1.70776021956
17.4754126218	42.0004003917	728.969	1.64982684456
17.4857835169	42.0050354527	729.969	1.59214079653
17.496155923	42.0096695802	730.969	1.53421561417
17.5065298404	42.0143027737	731.969	1.47580590123
17.5169052691	42.018935033	732.969	1.41724200229
17.5272822094	42.0235663579	733.969	1.35889690093
17.5376606614	42.028196748	734.969	1.30099274925
17.5480406253	42.0328262031	735.969	1.24350715258
17.5584221012	42.0374547228	736.969	1.18649777369
17.5688050893	42.0420823069	737.969	1.13006692078
17.5791895897	42.046708955	738.969	1.07427417212
17.5895756026	42.051334667	739.969	1.01925700902
17.5999631282	42.0559594425	740.969	0.965253235678
17.6103521666	42.0605832812	741.969	0.912448830244
17.620742718	42.0652061828	742.969	0.860891060582
17.6311347825	42.0698281471	743.969	0.81056073068
17.6415283603	42.0744491737	744.969	0.761410544329
17.6519234516	42.0790692624	745.969	0.713547973487
17.6623200565	42.0836884129	746.969	0.666914234698
17.6727181752	42.0883066249	747.969	0.621474420513
17.6831178078	42.092923898	748.969	0.577346082949
17.6935189545	42.0975402321	749.969	0.53412178001
17.7039216155	42.1021556268	750.969	0.491222594417
17.7143257908	42.1067700819	751.969	0.448413606987
17.7247314807	42.1113835969	752.969	0.40619349828
17.7351386854	42.1159961718	753.969	0.365071070424
17.7455474049	42.1206078061	754.969	0.325028708154
17.7559576395	42.1252184995	755.969	0.286037882098
17.7663693892	42.1298282519	756.969	0.248273529873
17.7767826543	42.1344370629	757.969	0.211825088131
17.7871974349	42.1390449321	758.969	0.17654658187
17.7976137311	42.1436518594	759.969	0.142560716577
17.8080315432	42.1482578444	760.969	0.110122152612
17.8184508712	42.1528628869	761.969	0.0793856715743
17.8288717154	42.1574669865	762.969	0.0504409088842
17.8392940758	42.162070143	763.969	0.02331395797
17.8497179527	42.166672356	764.969	-0.0018843827133
17.8601433462	42.1712736254	765.969	-0.0253122754671
17.8705702564	42.1758739507	766.969	-0.0471061948192
17.8809986835	42.1804733317	767.969	-0.067027940008
17.8914286276	42.1850717682	768.969	-0.0853070579468
17.901860089	42.1896692598	769.969	-0.102545224491
17.9122930677	42.1942658062	770.969	-0.11923678799
17.9227275639	42.1988614071	771.969	-0.13504712201
17.9331635778	42.2034560623	772.969	-0.149326084395
17.9436011095	42.2080497715	773.969	-0.16186963378
17.9540401592	42.2126425343	774.969	-0.172744360394
17.964480727	42.2172343506	775.969	-0.181700307457
17.974922813	42.2218252199	776.969	-0.188562862662
17.9853664175	42.226415142	777.969	-0.193357871197
17.9958115406	42.2310041167	778.969	-0.195932590655
18.0062581824	42.2355921435	779.969	-0.196019447209
18.0167063431	42.2401792223	780.969	-0.193550509534
18.0271560228	42.2447653528	781.969	-0.188314142046
18.0376072217	42.2493505346	782.969	-0.180230790085
18.04805994	42.2539347674	783.969	-0.169259731456
18.0585141777	42.2585180511	784.969	-0.155349778018
18.068969935	42.2631003852	785.969	-0.1386037486
18.0794272122	42.2676817695	786.969	-0.119193144694
18.0898860093	42.2722622037	787.969	-0.0972063994596
18.1003463264	42.2768416875	788.969	-0.0727858696785
18.1108081638	42.2814202206	789.969	-0.0460323535099
18.1212715216	42.2859978028	790.969	-0.0172090559936
18.1317363999	42.2905744337	791.969	0.013316781736
18.1422027989	42.295150113	792.969	0.0453792849568
18.1526707187	42.2997248405	793.969	0.0789438622998
18.1631401595	42.3042986159	794.969	0.113780962618
18.1736111215	42.3088714388	795.969	0.149778128733
18.1840836047	42.313443309	796.969	0.186990974043
18.1945576093	42.3180142262	797.969	0.225318122437
18.2050331355	42.3225841901	798.969	0.264672719558
18.2155101834	42.3271532004	799.969	0.305143054956
18.2259887532	42.3317212568	800.969	0.346428586212
18.236468845	42.3362883591	801.969	0.388278661408
18.2469504589	42.3408545069	802.969	0.431019176378
18.2574335952	42.3454196999	803.969	0.474524115898
18.2679182539	42.3499839379	804.969	0.518443368941
18.2784044352	42.3545472205	805.969	0.562869927939
18.2888921392	42.3591095475	806.969	0.607781955981
18.2993813662	42.3636709186	807.969	0.652738510207
18.3098721162	42.3682313334	808.969	0.697277676993
18.3203643893	42.3727907918	809.969	0.74171398482
18.3308581858	42.3773492933	810.969	0.786480613628
18.3413535057	42.3819068378	811.969	0.831960695796
18.3518503493	42.3864634249	812.969	0.878063144011
18.36	42.39	813.745	0.914657402466
>  18.36, 42.39, -W1p
18.36	42.39	813.745	0.914657402466
18.3665031628	42.3976033648	814.745	0.98724919826
18.3730079016	42.405206362	815.745	1.06233576883
18.3795142172	42.4128089914	816.745	1.14066589927
18.3860221103	42.4204112528	817.745	1.22249545009
18.3925315817	42.428013146	818.745	1.30766063856
18.399042632	42.4356146709	819.745	1.39573373755
18.4055552621	42.4432158271	820.745	1.48760320757
18.4120694725	42.4508166146	821.745	1.58351458433
18.4185852641	42.4584170332	822.745	1.68286175492
18.4251026376	42.4660170827	823.745	1.78473698228
18.4316215937	42.4736167628	824.745	1.88876133316
18.4381421332	42.4812160734	825.745	1.99544252803
18.4446642567	42.4888150144	826.745	2.10448010718
18.451187965	42.4964135854	827.745	2.2141058283
18.4577132589	42.5040117864	828.745	2.32222338976
18.4642401389	42.5116096171	829.745	2.42802846412
18.470768606	42.5192070774	830.745	2.53029460604
18.4772986608	42.5268041671	831.745	2.62890894127
18.4838303041	42.5344008859	832.745	2.72309217374
18.4903635365	42.5419972337	833.745	2.81277456607
18.4968983589	42.5495932104	834.745	2.89731484039
18.5034347719	42.5571888156	835.745	2.9761306834
18.5099727763	42.5647840493	836.745	3.04920906714
18.5165123728	42.5723789111	837.745	3.1170113037
18.5230535621	42.5799734011	838.745	3.17997996651
18.5295963451	42.5875675188	839.745	3.23780721582
18.5361407223	42.5951612643	840.745	3.29101005655
18.5426866946	42.6027546372	841.745	3.33919954813
18.5492342627	42.6103476374	842.745	3.38208587356
18.5557834273	42.6179402647	843.745	3.42086265764
18.5623341891	42.6255325189	844.745	3.45684877365
18.568886549	42.6331243998	845.745	3.49132367344
18.5754405076	42.6407159072	846.745	3.52364662562
18.5819960656	42.648307041	847.745	3.55307479267
18.5885532239	42.6558978009	848.745	3.58110443008
18.595111983	42.6634881867	849.745	3.60938393928
18.6016723439	42.6710781983	850.745	3.63901959949
18.6082343072	42.6786678355	851.745	3.66891196186
18.6147978736	42.686257098	852.745	3.70087630869
18.6213630439	42.6938459858	853.745	3.73636171248
18.6279298189	42.7014344985	854.745	3.77574549749
18.6344981992	42.7090226361	855.745	3.81746165532
18.6410681857	42.7166103982	856.745	3.86053733965
18.6476397789	42.7241977848	857.745	3.90486373615
18.6542129798	42.7317847956	858.745	3.950282897
18.660787789	42.7393714304	859.745	3.99675197916
18.6673642073	42.7469576891	860.745	4.04412481139
18.6739422354	42.7545435715	861.745	4.09210753723
18.6805218741	42.7621290773	862.745	4.14056876422
18.687103124	42.7697142063	863.745	4.1894610584
18.693685986	42.7772989585	864.745	4.2388749279
18.7002704608	42.7848833335	865.745	4.28854011853
18.7068565491	42.7924673312	866.745	4.3381809298
18.7134442517	42.8000509515	867.745	4.38775830961
18.7200335693	42.807634194	868.745	4.43759017314
18.7266245027	42.8152170586	869.745	4.48816136921
18.7332170525	42.8227995452	870.745	4.5398227564
18.7398112197	42.8303816535	871.745	4.59278060843
18.7464070048	42.8379633833	872.745	4.64722963825
18.7530044086	42.8455447344	873.745	4.70362528499
18.759603432	42.8531257068	874.745	4.76205873078
18.7662040755	42.8607063	875.745	4.8224015397
18.7728063401	42.868286514	876.745	4.88439509365
18.7794102264	42.8758663486	877.745	4.94843570324
18.7860157351	42.8834458036	878.745	5.01455438195
18.7926228671	42.8910248787	879.745	5.0822495705
18.7992316231	42.8986035738	880.745	5.15077369354
18.8058420038	42.9061818887	881.745	5.21945492288
18.8124540099	42.9137598233	882.745	5.28833532534
18.8190676423	42.9213373772	883.745	5.35731936426
18.8256829016	42.9289145503	884.745	5.42621699191
18.8322997887	42.9364913424	885.745	5.4947947485
18.8389183042	42.9440677533	886.745	5.56281569
18.845538449	42.9516437829	887.745	5.62977010935
18.8521602237	42.9592194309	888.745	5.69554462224
18.8587836291	42.9667946971	889.745	5.76032470702
18.865408666	42.9743695814	890.745	5.82438723452
18.8720353352	42.9819440835	891.745	5.88775302402
18.8786636373	42.9895182032	892.745	5.95055048812
18.8852935731	42.9970919404	893.745	6.01342561227
18.8919251435	43.0046652948	894.745	6.07732077667
18.8985583491	43.0122382663	895.745	6.14300797198
18.9051931906	43.0198108547	896.745	6.21070565255
18.911829669	43.0273830597	897.745	6.28017154467
18.9184677848	43.0349548812	898.745	6.3509361254
18.9251075389	43.042526319	899.745	6.42370284241
18.931748932	43.0500973729	900.745	6.49867096011
18.9383919648	43.0576680426	901.745	6.57542059387
18.9450366382	43.065238328	902.745	6.65344345667
18.9516829529	43.0728082289	903.745	6.73235573162
18.9583309096	43.0803777451	904.745	6.81274950591
18.9649805091	43.0879468764	905.745	6.89339261262
18.9716317522	43.0955156226	906.745	6.97305648388
18.9782846395	43.1030839835	907.745	7.05040302448
18.984939172	43.1106519588	908.745	7.12214566797
18.9915953502	43.1182195485	909.745	7.18676181197
18.9982531751	43.1257867523	910.745	7.24472594545
19.0049126473	43.13335357	911.745	7.29836818994
19.0115737676	43.1409200014	912.745	7.34865480061
19.0182365367	43.1484860464	913.745	7.3951407724
19.0249009555	43.1560517046	914.745	7.43900708768
19.0315670247	43.163616976	915.745	7.48125214925
19.0382347451	43.1711818603	916.745	7.52219352918
19.0449041173	43.1787463573	917.745	7.56038646943
19.0515751422	43.1863104668	918.745	7.59641673954
19.0582478206	43.1938741886	919.745	7.63129662057
19.0649221531	43.2014375226	920.745	7.66628239075
19.0715981406	43.2090004685	921.745	7.70189329893
19.0782757839	43.2165630261	922.745	7.73794985673
19.0849550836	43.2241251953	923.745	7.77511341796
19.0916360405	43.2316869758	924.745	7.81302017294
19.0983186555	43.2392483674	925.745	7.85117256468
19.1050029293	43.2468093699	926.745	7.8900209251
19.1116888626	43.2543699832	927.745	7.92810128778
19.1183764562	43.261930207	928.745	7.9641656403
19.1250657109	43.2694900412	929.745	7.99732400531
19.1317566275	43.2770494854	930.745	8.02865334781
19.1384492066	43.2846085396	931.745	8.05813486315
19.1451434492	43.2921672036	932.745	8.08484661102
19.1518393558	43.299725477	933.745	8.10806736302
19.1585369274	43.3072833598	934.745	8.12704990965
19.1652361647	43.3148408518	935.745	8.14201059524
19.1719370684	43.3223979526	936.745	8.15382129096
19.1786396393	43.3299546622	937.745	8.16317481028
19.1853438782	43.3375109803	938.745	8.17042388016
19.1920497859	43.3450669068	939.745	8.17444912771
19.1987573631	43.3526224413	940.745	8.17671852086
19.2054666106	43.3601775838	941.745	8.17925324695
19.2121775292	43.367732334	942.745	8.18385887647
19.2188901196	43.3752866918	943.745	8.19011907381
19.2256043826	43.3828406569	944.745	8.19857104925
19.232320319	43.390394229	945.745	8.20974011343
19.2390379295	43.3979474081	946.745	8.22329819809
19.245757215	43.405500194	947.745	8.23952434314
19.2524781762	43.4130525863	948.745	8.25750035789
19.2592008138	43.4206045849	949.745	8.27605433082
19.2659251287	43.4281561897	950.745	8.29425242894
19.2726511216	43.4357074004	951.745	8.31122784735
19.2793787933	43.4432582167	952.745	8.32751721104
19.2861081445	43.4508086386	953.745	8.34274847161
19.2928391761	43.4583586658	954.745	8.356052124
19.2995718889	43.4659082981	955.745	8.36660476069
19.3063062835	43.4734575352	956.745	8.37414025223
19.3130423608	43.4810063771	957.745	8.37836131487
19.3197801215	43.4885548234	958.745	8.37849336541
19.3265195664	43.496102874	959.745	8.37473302533
19.33	43.5	960.261	8.37161871719
>  19.33, 43.50, -W1p
19.33	43.5	960.261	8.37161871719
19.3423975695	43.5000773352	961.261	8.36676901291
19.3547951705	43.5001533309	962.261	8.36249544411
19.3671928024	43.5002279871	963.261	8.35947790532
19.3795904647	43.5003013039	964.261	8.35704471627
19.3919881568	43.5003732813	965.261	8.35638849215
19.4043858782	43.5004439191	966.261	8.36069232599
19.4167836284	43.5005132175	967.261	8.37096102444
19.4291814067	43.5005811764	968.261	8.38340380028
19.4415792126	43.5006477958	969.261	8.39494896426
19.4539770457	43.5007130757	970.261	8.40681205021
19.4663749053	43.5007770161	971.261	8.41790977922
19.4787727909	43.5008396169	972.261	8.42798448349
19.4911707019	43.5009008783	973.261	8.43704291363
19.5035686378	43.5009608001	974.261	8.44396281339
19.515966598	43.5010193824	975.261	8.44816617909
19.528364582	43.5010766252	976.261	8.45123243418
19.5407625892	43.5011325284	977.261	8.45454233308
19.5531606192	43.5011870921	978.261	8.4575056272
19.5655586712	43.5012403162	979.261	8.46135196209
19.5779567449	43.5012922008	980.261	8.46664840767
19.5903548396	43.5013427458	981.261	8.47312378078
19.6027529547	43.5013919513	982.261	8.48143032487
19.6151510898	43.5014398171	983.261	8.49161001552
19.6275492443	43.5014863434	984.261	8.50356750959
19.6399474176	43.5015315302	985.261	8.51739856434
19.6523456092	43.5015753773	986.261	8.53315357857
19.6647438186	43.5016178849	987.261	8.55041572575
19.6771420451	43.5016590529	988.261	8.56870687079
19.6895402882	43.5016988813	989.261	8.58833687099
19.7019385475	43.5017373701	990.261	8.61026577622
19.7143368222	43.5017745193	991.261	8.63563973213
19.726735112	43.5018103288	992.261	8.66241251975
19.7391334162	43.5018447988	993.261	8.68788658424
19.7515317342	43.5018779292	994.261	8.71276389018
19.7639300656	43.5019097199	995.261	8.73633263636
19.7763284098	43.5019401711	996.261	8.75762542571
19.7887267662	43.5019692826	997.261	8.77710586296
19.8011251343	43.5019970545	998.261	8.79569977033
19.8135235135	43.5020234868	999.261	8.81405048877
19.8259219033	43.5020485794	1000.26	8.83127278626
19.8383203032	43.5020723325	1001.26	8.84612142798
19.8507187125	43.5020947459	1002.26	8.85853933359
19.8631171307	43.5021158196	1003.26	8.86929177117
19.8755155574	43.5021355537	1004.26	8.8785292481
19.8879139918	43.5021539482	1005.26	8.88609560025
19.9003124336	43.5021710031	1006.26	8.8941484406
19.912710882	43.5021867183	1007.26	8.90397509839
19.9251093367	43.5022010939	1008.26	8.91424792074
19.937507797	43.5022141298	1009.26	8.92342258181
19.9499062623	43.5022258261	1010.26	8.93184681992
19.9623047322	43.5022361827	1011.26	8.93892718366
19.9747032061	43.5022451997	1012.26	8.94427722514
19.9871016834	43.5022528771	1013.26	8.94833110658
19.9995001635	43.5022592148	1014.26	8.94804945201
20.011898646	43.5022642128	1015.26	8.94114385862
20.0242971303	43.5022678712	1016.26	8.92962834882
20.0366956158	43.50227019	1017.26	8.91651693245
20.049094102	43.5022711691	1018.26	8.90169739385
20.0614925883	43.5022708086	1019.26	8.88520986954
20.0738910742	43.5022691084	1020.26	8.86769102764
20.0862895591	43.5022660685	1021.26	8.84890660178
20.0986880425	43.5022616891	1022.26	8.82917730036
20.1110865238	43.5022559699	1023.26	8.80839169238
20.1234850025	43.5022489112	1024.26	8.78675429262
20.135883478	43.5022405127	1025.26	8.76556196699
20.1482819498	43.5022307747	1026.26	8.74436116608
20.1606804173	43.5022196969	1027.26	8.72414843345
20.17307888	43.5022072796	1028.26	8.70616242901
20.1854773374	43.5021935226	1029.26	8.68924742324
20.1978757887	43.5021784259	1030.26	8.67755924362
20.2102742337	43.5021619896	1031.26	8.67512095077
20.2226726715	43.5021442137	1032.26	8.67959827307
20.2350711019	43.5021250982	1033.26	8.68602007506
20.247469524	43.502104643	1034.26	8.69404277549
20.2598679376	43.5020828481	1035.26	8.70360937898
20.2722663418	43.5020597137	1036.26	8.71297342091
20.2846647364	43.5020352396	1037.26	8.72281633501
20.2970631205	43.5020094259	1038.26	8.7317458163
20.3094614938	43.5019822725	1039.26	8.73852383643
20.3218598557	43.5019537796	1040.26	8.74371196972
20.3342582056	43.501923947	1041.26	8.74711017939
20.346656543	43.5018927748	1042.26	8.74869627017
20.3590548673	43.501860263	1043.26	8.7484549162
20.3714531779	43.5018264115	1044.26	8.74613686029
20.3838514744	43.5017912205	1045.26	8.7413289943
20.3962497562	43.5017546899	1046.26	8.73542573186
20.4086480226	43.5017168196	1047.26	8.73002795864
20.4210462733	43.5016776098	1048.26	8.72462945505
20.4334445075	43.5016370603	1049.26	8.71714180108
20.4458427249	43.5015951713	1050.26	8.70673978311
20.4582409247	43.5015519427	1051.26	8.69405956959
20.4706391066	43.5015073745	1052.26	8.6791229571
20.4830372698	43.5014614667	1053.26	8.66132615422
20.4954354139	43.5014142194	1054.26	8.64226592618
20.5078335384	43.5013656325	1055.26	8.62361247983
20.5202316426	43.501315706	1056.26	8.60479841384
20.532629726	43.5012644399	1057.26	8.58590817108
20.5450277881	43.5012118343	1058.26	8.56652866705
20.5574258283	43.5011578892	1059.26	8.54720256959
20.5698238461	43.5011026045	1060.26	8.52974880447
20.5822218409	43.5010459802	1061.26	8.51326517537
20.5946198122	43.5009880164	1062.26	8.49974494821
20.6070177594	43.5009287131	1063.26	8.4922193555
20.6194156819	43.5008680703	1064.26	8.49013536207
20.6318135793	43.5008060879	1065.26	8.49179392507
20.644211451	43.5007427661	1066.26	8.49643020821
20.6566092964	43.5006781047	1067.26	8.50444291781
20.6690071149	43.5006121038	1068.26	8.51538520614
20.6814049061	43.5005447634	1069.26	8.52924606141
20.6938026693	43.5004760835	1070.26	8.54602600804
20.706200404	43.5004060642	1071.26	8.56586121975
20.7185981098	43.5003347053	1072.26	8.58929997114
20.7309957859	43.500262007	1073.26	8.61377954169
20.7433934319	43.5001879692	1074.26	8.63814731135
20.7557910472	43.500112592	1075.26	8.66286806832
20.7681886313	43.5000358753	1076.26	8.68480025033
20.7805861836	43.4999578192	1077.26	8.70531201667
20.7929837036	43.4998784236	1078.26	8.72148939155
20.8053811907	43.4997976886	1079.26	8.72676817208
20.8177786444	43.4997156142	1080.26	8.72058942796
20.8301760641	43.4996322003	1081.26	8.70889253982
20.8425734493	43.4995474471	1082.26	8.69555670524
20.8549707993	43.4994613544	1083.26	8.67884503215
20.8673681138	43.4993739224	1084.26	8.66066179736
20.8797653921	43.499285151	1085.26	8.64222188645
20.8921626336	43.4991950402	1086.26	8.62209833111
20.9045598379	43.49910359	1087.26	8.59827401484
20.9169570043	43.4990108005	1088.26	8.56955247995
20.9293541324	43.4989166716	1089.26	8.54017016983
20.9417512215	43.4988212034	1090.26	8.51376714993
20.9541482712	43.4987243958	1091.26	8.4889206385
20.9665452808	43.4986262489	1092.26	8.46633954998
20.9789422499	43.4985267627	1093.26	8.4474080998
20.9913391778	43.4984259372	1094.26	8.43051995422
21.003736064	43.4983237724	1095.26	8.41212468293
21.0161329081	43.4982202683	1096.26	8.39113522701
21.0285297093	43.498115425	1097.26	8.37086409416
21.0409264672	43.4980092423	1098.26	8.35437898429
21.0533231813	43.4979017204	1099.26	8.34081336217
21.0657198509	43.4977928593	1100.26	8.32936113373
21.0781164755	43.4976826589	1101.26	8.32078877461
21.0905130547	43.4975711193	1102.26	8.31407839165
21.1029095877	43.4974582404	1103.26	8.30498493641
21.1153060741	43.4973440224	1104.26	8.29228362825
21.1277025134	43.4972284651	1105.26	8.27868254309
21.1400989049	43.4971115687	1106.26	8.26655613499
21.1524952482	43.4969933331	1107.26	8.25527955153
21.1648915426	43.4968737583	1108.26	8.24485925515
21.1772877877	43.4967528443	1109.26	8.23524235964
21.1896839828	43.4966305912	1110.26	8.22652243222
21.2020801275	43.496506999	1111.26	8.21959354649
21.2144762212	43.4963820677	1112.26	8.21535053987
21.2268722633	43.4962557972	1113.26	8.21216207248
21.2392682533	43.4961281877	1114.26	8.2079421786
21.2516641906	43.495999239	1115.26	8.20316059525
21.2640600747	43.4958689513	1116.26	8.1976726316
21.276455905	43.4957373245	1117.26	8.19024899587
21.288851681	43.4956043587	1118.26	8.18157453958
21.3012474022	43.4954700538	1119.26	8.17632972794
21.3136430679	43.4953344099	1120.26	8.17748403249
21.3260386777	43.4951974269	1121.26	8.18082861612
21.3384342309	43.495059105	1122.26	8.18099604308
21.3508297271	43.4949194441	1123.26	8.17853544347
21.3632251657	43.4947784442	1124.26	8.17431217033
21.3756205462	43.4946361053	1125.26	8.16716701186
21.3880158679	43.4944924275	1126.26	8.15732754711
21.4004111304	43.4943474108	1127.26	8.15205426571
21.412806333	43.4942010551	1128.26	8.15611846933
21.4252014753	43.4940533605	1129.26	8.16414240959
21.4375965567	43.493904327	1130.26	8.16893197535
21.4499915767	43.4937539546	1131.26	8.17091742082
21.4623865347	43.4936022434	1132.26	8.17079844735
21.4747814301	43.4934491932	1133.26	8.16757483532
21.4871762624	43.4932948043	1134.26	8.16126664656
21.499571031	43.4931390765	1135.26	8.15568331132
21.5119657355	43.4929820099	1136.26	8.15339538235
21.5243603752	43.4928236045	1137.26	8.15212692612
21.5367549496	43.4926638603	1138.26	8.14878285693
21.5491494581	43.4925027773	1139.26	8.14297867141
21.5615439003	43.4923403556	1140.26	8.13594941094
21.5739382755	43.4921765952	1141.26	8.12783164322
21.5863325833	43.492011496	1142.26	8.11786945113
21.598726823	43.4918450581	1143.26	8.11094137543
21.6111209941	43.4916772815	1144.26	8.1108629129
21.6235150961	43.4915081662	1145.26	8.11484471693
21.6359091284	43.4913377122	1146.26	8.11859414125
21.6483030904	43.4911659196	1147.26	8.1214939649
21.6606969817	43.4909927884	1148.26	8.12468646893
21.6730908017	43.4908183185	1149.26	8.12800090347
21.6854845497	43.49064251	1150.26	8.13048341703
21.6978782254	43.490465363	1151.26	8.13705081004
21.710271828	43.4902868773	1152.26	8.15207379885
21.7226653572	43.4901070532	1153.26	8.17296605669
21.73	43.49	1153.85	8.18607919021
>  21.73, 43.49, -W1p
21.73	43.49	1153.85	8.18607919021
21.7406346255	43.4946212002	1154.85	8.20248359542
21.7512708786	43.4992414148	1155.85	8.22270942624
21.7619087594	43.5038606432	1156.85	8.24596201679
21.7725482681	43.5084788854	1157.85	8.27115987814
21.7831894049	43.5130961408	1158.85	8.29783177659
21.7938321699	43.5177124093	1159.85	8.32620022345
21.8044765633	43.5223276905	1160.85	8.35613167882
21.8151225853	43.5269419841	1161.85	8.38698963216
21.8257702359	43.5315552898	1162.85	8.41760498098
21.8364195155	43.5361676073	1163.85	8.44723859535
21.8470704241	43.5407789363	1164.85	8.47615339535
21.8577229618	43.5453892765	1165.85	8.50373022533
21.868377129	43.5499986275	1166.85	8.5292398271
21.8790329257	43.554606989	1167.85	8.55296670559
21.8896903521	43.5592143608	1168.85	8.57472107109
21.9003494083	43.5638207425	1169.85	8.59400471185
21.9110100946	43.5684261338	1170.85	8.61108692829
21.921672411	43.5730305344	1171.85	8.62632541552
21.9323363578	43.577633944	1172.85	8.63948844129
21.943001935	43.5822363623	1173.85	8.65068979895
21.9536691429	43.5868377889	1174.85	8.66013515796
21.9643379817	43.5914382236	1175.85	8.66726136259
21.9750084514	43.5960376661	1176.85	8.67202156405
21.9856805522	43.600636116	1177.85	8.67463422126
21.9963542843	43.605233573	1178.85	8.67339365743
22.0070296479	43.6098300368	1179.85	8.66707073019
22.0177066431	43.6144255071	1180.85	8.65659583314
22.0283852701	43.6190199836	1181.85	8.64355846842
22.039065529	43.623613466	1182.85	8.62881089469
22.04974742	43.628205954	1183.85	8.61195533331
22.0604309433	43.6327974472	1184.85	8.59332474931
22.0711160989	43.6373879454	1185.85	8.57331003138
22.0818028871	43.6419774481	1186.85	8.55186977262
22.092491308	43.6465659553	1187.85	8.52927377305
22.1031813618	43.6511534664	1188.85	8.50553493133
22.1138730487	43.6557399812	1189.85	8.47980682048
22.1245663687	43.6603254994	1190.85	8.45235569769
22.1352613221	43.6649100206	1191.85	8.42413210702
22.1459579089	43.6694935447	1192.85	8.39498363851
22.1566561294	43.6740760711	1193.85	8.36564721955
22.1673559838	43.6786575997	1194.85	8.33705351292
22.1780574721	43.6832381302	1195.85	8.30984976387
22.1887605945	43.6878176621	1196.85	8.2834749581
22.1994653512	43.6923961953	1197.85	8.25570455116
22.2101717423	43.6969737293	1198.85	8.22337754926
22.220879768	43.7015502639	1199.85	8.18735638127
22.2315894285	43.7061257988	1200.85	8.15171056036
22.2423007238	43.7107003336	1201.85	8.11864921437
22.2530136542	43.715273868	1202.85	8.08707877418
22.2637282198	43.7198464018	1203.85	8.05815220483
22.2744444208	43.7244179346	1204.85	8.03241553191
22.2851622572	43.7289884661	1205.85	8.00922248841
22.2958817293	43.7335579959	1206.85	7.98868103039
22.3066028372	43.7381265239	1207.85	7.97089746256
22.3173255811	43.7426940496	1208.85	7.95562882885
22.3280499611	43.7472605727	1209.85	7.94107730006
22.3387759773	43.751826093	1210.85	7.92605265228
22.34950363	43.7563906101	1211.85	7.91148389874
22.3602329192	43.7609541238	1212.85	7.89571584042
22.3709638452	43.7655166336	1213.85	7.87712307661
22.381696408	43.7700781393	1214.85	7.85688683697
22.3924306078	43.7746386405	1215.85	7.83393442245
22.4031664448	43.7791981371	1216.85	7.80618875549
22.4139039191	43.7837566285	1217.85	7.7730211613
22.4246430309	43.7883141146	1218.85	7.73513536872
22.4353837803	43.792870595	1219.85	7.69382716897
22.4461261675	43.7974260694	1220.85	7.6494383658
22.4568701925	43.8019805375	1221.85	7.60252319258
22.4676158557	43.806533999	1222.85	7.55416637925
22.478363157	43.8110864535	1223.85	7.50450092435
22.4891120967	43.8156379008	1224.85	7.45441429482
22.4998626749	43.8201883405	1225.85	7.40552460716
22.5106148918	43.8247377724	1226.85	7.3583206193
22.5213687475	43.829286196	1227.85	7.31231767516
22.5321242421	43.8338336112	1228.85	7.26768313847
22.5428813758	43.8383800175	1229.85	7.22468653335
22.5536401487	43.8429254146	1230.85	7.18372316318
22.564400561	43.8474698024	1231.85	7.14531299645
22.5751626129	43.8520131803	1232.85	7.10944075967
22.5859263044	43.8565555482	1233.85	7.07585337895
22.5966916358	43.8610969057	1234.85	7.04461688371
22.6074586071	43.8656372525	1235.85	7.01533761847
22.6182272185	43.8701765883	1236.85	6.98739216039
22.6289974702	43.8747149127	1237.85	6.96060875046
22.6397693623	43.8792522255	1238.85	6.93497964403
22.650542895	43.8837885263	1239.85	6.91043076633
22.6613180683	43.8883238148	1240.85	6.88656216817
22.6720948824	43.8928580908	1241.85	6.86320137798
22.6828733376	43.8973913538	1242.85	6.8406708679
22.6936534338	43.9019236036	1243.85	6.81792932246
22.7044351713	43.9064548399	1244.85	6.79396463177
22.7152185503	43.9109850623	1245.85	6.76898628054
22.7260035707	43.9155142706	1246.85	6.74404217434
22.7367902329	43.9200424644	1247.85	6.71986087003
22.7475785368	43.9245696434	1248.85	6.69629527997
22.7583684828	43.9290958072	1249.85	6.67333715094
22.7691600709	43.9336209557	1250.85	6.65110134064
22.7799533012	43.9381450884	1251.85	6.6295477052
22.7907481739	43.942668205	1252.85	6.60871126907
22.8015446891	43.9471903053	1253.85	6.58866783695
22.8123428471	43.9517113889	1254.85	6.56947439277
22.8231426478	43.9562314555	1255.85	6.55100807047
22.8339440915	43.9607505047	1256.85	6.53307663548
22.8447471783	43.9652685364	1257.85	6.51560619021
22.8555519083	43.96978555	1258.85	6.49858960904
22.8663582817	43.9743015455	1259.85	6.4820005348
22.8771662985	43.9788165223	1260.85	6.46573178439
22.88	43.98	1261.11	6.46151156665
