
>  9.99, 39.94, A, -W1p,red
9.99	39.94	0	2.72504481746
10.0017265109	39.9402034801	1	2.68413609658
10.0134530914	39.9404057788	2	2.64888977511
10.025179741	39.9406068962	3	2.61847092252
10.0369064594	39.9408068322	4	2.59185007383
10.0486332461	39.9410055868	5	2.56950906988
10.0603601007	39.94120316	6	2.55064286755
10.0720870228	39.9413995518	7	2.53412415736
10.083814012	39.9415947621	8	2.5205156449
10.095541068	39.941788791	9	2.50887945088
10.1072681902	39.9419816384	10	2.4983076309
10.1189953784	39.9421733043	11	2.4892528938
10.130722632	39.9423637887	12	2.48103735847
10.1424499508	39.9425530916	13	2.4732963216
10.1541773342	39.942741213	14	2.46625800741
10.1659047819	39.9429281528	15	2.45922524186
10.1776322935	39.9431139111	16	2.45202765434
10.1893598686	39.9432984878	17	2.44474554516
10.2010875068	39.9434818829	18	2.43677291649
10.2128152076	39.9436640964	19	2.42778885762
10.2245429707	39.9438451283	20	2.41815693767
10.2362707956	39.9440249786	21	2.40830803505
10.247998682	39.9442036472	22	2.3979863366
10.2597266295	39.9443811342	23	2.3876384637
10.2714546376	39.9445574395	24	2.37795898847
10.2831827059	39.9447325631	25	2.36861786905
10.2949108341	39.9449065051	26	2.36019185182
10.3066390217	39.9450792653	27	2.35347116321
10.3183672684	39.9452508438	28	2.34836281235
10.3300955736	39.9454212406	29	2.34413286079
10.3418239371	39.9455904556	30	2.34037005564
10.3535523584	39.9457584889	31	2.33733104661
10.3652808371	39.9459253404	32	2.33455060172
10.3770093728	39.9460910101	33	2.33179630816
10.3887379651	39.946255498	34	2.32923489059
10.4004666137	39.9464188041	35	2.32677285286
10.412195318	39.9465809283	36	2.32448448382
10.4239240777	39.9467418708	37	2.3222795588
10.4356528923	39.9469016313	38	2.31986243869
10.4473817616	39.9470602101	39	2.31725904574
10.459110685	39.9472176069	40	2.31445229899
10.4708396622	39.9473738219	41	2.31131046564
10.4825686928	39.9475288549	42	2.30787547094
10.4942977763	39.9476827061	43	2.30409855562
10.5060269124	39.9478353753	44	2.29988884143
10.5177561006	39.9479868626	45	2.29525283006
10.5294853406	39.948137168	46	2.29024302599
10.5412146319	39.9482862914	47	2.28488870421
10.5529439741	39.9484342328	48	2.27916948568
10.5646733669	39.9485809923	49	2.27314537353
10.5764028098	39.9487265698	50	2.26683410596
10.5881323024	39.9488709652	51	2.26022763188
10.5998618443	39.9490141787	52	2.25342499361
10.6115914352	39.9491562101	53	2.24650852467
10.6233210745	39.9492970595	54	2.23940267211
10.635050762	39.9494367269	55	2.23197112079
10.6467804972	39.9495752122	56	2.22413942333
10.6585102796	39.9497125154	57	2.21603255353
10.6702401089	39.9498486366	58	2.20778286781
10.6819699847	39.9499835756	59	2.19923124383
10.6936999066	39.9501173326	60	2.19069201171
10.7054298742	39.9502499075	61	2.18258426137
10.717159887	39.9503813003	62	2.17483067855
10.7288899447	39.9505115109	63	2.16728723022
10.7406200468	39.9506405394	64	2.15984596276
10.752350193	39.9507683857	65	2.15250826958
10.7640803828	39.9508950499	66	2.14548802254
10.7758106159	39.9510205319	67	2.13882627673
10.7875408918	39.9511448318	68	2.13247894681
10.7992712102	39.9512679494	69	2.12692202612
10.8110015706	39.9513898849	70	2.12236616402
10.8227319725	39.9515106381	71	2.1186503894
10.8344624157	39.9516302092	72	2.11579289806
10.8461928998	39.951748598	73	2.11374833408
10.8579234242	39.9518658046	74	2.11258612458
10.8696539886	39.951981829	75	2.11244914513
10.8813845926	39.9520966711	76	2.11327062752
10.8931152358	39.9522103309	77	2.11516797119
10.9048459178	39.9523228085	78	2.11836894304
10.9165766382	39.9524341038	79	2.12295970767
10.9283073965	39.9525442168	80	2.12856282508
10.9400381924	39.9526531475	81	2.1348765165
10.9517690255	39.9527608959	82	2.14207739332
10.9634998953	39.9528674621	83	2.14983215564
10.9752308015	39.9529728459	84	2.1579186782
10.9869617436	39.9530770473	85	2.16646981582
10.9986927213	39.9531800665	86	2.1752091818
11.0104237341	39.9532819033	87	2.18405073344
11.0221547816	39.9533825577	88	2.19303463243
11.0338858635	39.9534820298	89	2.20188469798
11.0456169792	39.9535803195	90	2.21060298867
11.0573481285	39.9536774269	91	2.21916045868
11.0690793109	39.9537733519	92	2.22731304119
11.080810526	39.9538680945	93	2.23511188674
11.0925417734	39.9539616547	94	2.24248302359
11.1042730527	39.9540540325	95	2.24922247605
11.1160043635	39.9541452278	96	2.25530341207
11.1277357054	39.9542352408	97	2.26087382061
11.1394670779	39.9543240714	98	2.2660470823
11.1511984807	39.9544117195	99	2.27075748216
11.1629299134	39.9544981852	100	2.27513541214
11.1746613756	39.9545834684	101	2.27927924163
11.1863928667	39.9546675692	102	2.28313259265
11.1981243866	39.9547504876	103	2.28681416972
11.2098559347	39.9548322234	104	2.29033231475
11.2215875106	39.9549127769	105	2.29368238162
11.233319114	39.9549921478	106	2.29714461468
11.2450507444	39.9550703363	107	2.30072691697
11.2567824014	39.9551473422	108	2.30445575926
11.2685140846	39.9552231657	109	2.3086400884
11.2802457936	39.9552978067	110	2.31323297744
11.2919775281	39.9553712652	111	2.31831479686
11.3037092875	39.9554435411	112	2.32415868638
11.3154410715	39.9555146346	113	2.33086787918
11.3271728797	39.9555845455	114	2.33812938983
11.3389047117	39.955653274	115	2.34565602971
11.3506365671	39.9557208198	116	2.35360664435
11.3623684455	39.9557871832	117	2.36169561493
11.3741003464	39.955852364	118	2.3696727562
11.3858322695	39.9559163623	119	2.3776798455
11.3975642143	39.955979178	120	2.38545262731
11.4092961805	39.9560408111	121	2.39279682281
11.4210281676	39.9561012617	122	2.39981496912
11.4327601753	39.9561605298	123	2.40651700699
11.4444922031	39.9562186152	124	2.41287474688
11.4562242506	39.9562755181	125	2.41891682564
11.4679563174	39.9563312384	126	2.42474755652
11.4796884032	39.9563857761	127	2.43030818012
11.4914205074	39.9564391313	128	2.43569067508
11.5031526298	39.9564913038	129	2.44110964052
11.5148847699	39.9565422938	130	2.44645114094
11.5266169272	39.9565921012	131	2.45190354752
11.5383491015	39.9566407259	132	2.45773452469
11.5500812922	39.9566881681	133	2.46374327147
11.561813499	39.9567344276	134	2.47034950336
11.5735457215	39.9567795045	135	2.4779314866
11.5852779592	39.9568233988	136	2.48625122497
11.5970102118	39.9568661105	137	2.49582488831
11.6087424788	39.9569076396	138	2.50721650647
11.6204747599	39.956947986	139	2.52020293171
11.6322070546	39.9569871499	140	2.53400061355
11.6439393626	39.957025131	141	2.54846902461
11.6556716834	39.9570619296	142	2.56366271344
11.6674040166	39.9570975455	143	2.57865146887
11.6791363619	39.9571319788	144	2.593462503
11.6908687187	39.9571652294	145	2.60797773803
11.7026010868	39.9571972974	146	2.62137468089
11.7143334656	39.9572281827	147	2.63368041543
11.7260658548	39.9572578854	148	2.64493084146
11.7377982541	39.9572864054	149	2.65494958885
11.7495306629	39.9573137428	150	2.66392464658
11.7612630809	39.9573398975	151	2.67144582204
11.7729955077	39.9573648695	152	2.67713271159
11.7847279428	39.9573886589	153	2.68127478763
11.7964603859	39.9574112656	154	2.68316392877
11.8081928365	39.9574326897	155	2.68192968292
11.8199252943	39.9574529311	156	2.67780583771
11.8316577589	39.9574719898	157	2.67225496241
11.8433902297	39.9574898659	158	2.66579158717
11.8551227066	39.9575065593	159	2.65810784148
11.8668551889	39.95752207	160	2.65043651025
11.8785876763	39.957536398	161	2.64296040041
11.8903201685	39.9575495434	162	2.63559504875
11.902052665	39.9575615061	163	2.62908769149
11.9137851653	39.9575722861	164	2.62334588729
11.9255176692	39.9575818835	165	2.61850961005
11.9372501762	39.9575902981	166	2.6150676836
11.9489826858	39.9575975301	167	2.61285550046
11.9607151977	39.9576035794	168	2.61210187702
11.9724477115	39.957608446	169	2.61315040231
11.9841802268	39.95761213	170	2.61585555073
11.9959127431	39.9576146312	171	2.62040436156
12.0076452601	39.9576159498	172	2.62715523666
12.0193777773	39.9576160857	173	2.6361039932
12.0311102944	39.9576150389	174	2.64629323086
12.0428428109	39.9576128095	175	2.65740191868
12.0545753264	39.9576093974	176	2.66964217616
12.0663078406	39.9576048025	177	2.68177400026
12.078040353	39.957599025	178	2.69364289607
12.0897728632	39.9575920649	179	2.70526821629
12.1015053708	39.957583922	180	2.71542336303
12.1132378754	39.9575745965	181	2.72359686348
12.1249703766	39.9575640883	182	2.73054293141
12.136702874	39.9575523974	183	2.73703759967
12.1484353672	39.9575395238	184	2.74278686199
12.1601678558	39.9575254676	185	2.74825503569
12.1719003393	39.9575102287	186	2.75417069321
12.1836328174	39.9574938071	187	2.76021073856
12.1953652897	39.9574762028	188	2.76686029226
12.2070977557	39.9574574159	189	2.77471409467
12.2188302151	39.9574374463	190	2.78360333291
12.2305626675	39.957416294	191	2.79325496544
12.2422951123	39.9573939591	192	2.80353385613
12.2540275493	39.9573704415	193	2.81451756326
12.265759978	39.9573457413	194	2.82608987352
12.2774923981	39.9573198584	195	2.83815134189
12.2892248091	39.9572927928	196	2.85078159803
12.3009572105	39.9572645446	197	2.86412857432
12.3126896021	39.9572351137	198	2.87831424021
12.3244219834	39.9572045002	199	2.89317064583
12.3361543539	39.957172704	200	2.90843886881
12.3478867134	39.9571397252	201	2.9240944779
12.3596190613	39.9571055637	202	2.94021443032
12.3713513974	39.9570702196	203	2.95682295481
12.383083721	39.9570336928	204	2.9738678122
12.394816032	39.9569959835	205	2.99148219437
12.4065483298	39.9569570914	206	3.00985888645
12.4182806141	39.9569170168	207	3.02902214034
12.4300128844	39.9568757595	208	3.04860547357
12.4417451403	39.9568333196	209	3.06838766284
12.4534773815	39.9567896971	210	3.08850097646
12.4652096075	39.956744892	211	3.10867252327
12.4769418179	39.9566989042	212	3.12880833599
12.4886740124	39.9566517339	213	3.14896485747
12.5004061905	39.9566033809	214	3.16890040388
12.5121383517	39.9565538453	215	3.18895546953
12.5238704958	39.9565031271	216	3.20867726734
12.5356026223	39.9564512264	217	3.22682374731
12.5473347307	39.956398143	218	3.24377346
12.5590668208	39.9563438771	219	3.25891879806
12.570798892	39.9562884285	220	3.27093535934
12.582530944	39.9562317974	221	3.28028605224
12.5942629764	39.9561739838	222	3.28632124674
12.6059949887	39.9561149875	223	3.28789857901
12.6177269806	39.9560548087	224	3.28497198618
12.6294589516	39.9559934473	225	3.27888497793
12.6411909014	39.9559309034	226	3.27042106323
12.6529228295	39.9558671769	227	3.25903922339
12.6646547355	39.9558022679	228	3.24625556735
12.6763866191	39.9557361763	229	3.23270584887
12.6881184798	39.9556689022	230	3.21800178397
12.6998503172	39.9556004455	231	3.20357386312
12.7115821309	39.9555308064	232	3.18974402184
12.7233139206	39.9554599847	233	3.17631128967
12.7350456857	39.9553879805	234	3.16403155924
12.7467774259	39.9553147938	235	3.1527674775
12.7585091408	39.9552404245	236	3.14275633145
12.77024083	39.9551648728	237	3.13470366034
12.7819724931	39.9550881386	238	3.12837250641
12.7937041296	39.9550102219	239	3.12411979872
12.8054357392	39.9549311227	240	3.12258718848
12.8171673215	39.9548508411	241	3.12376505913
12.828898876	39.954769377	242	3.12717531062
12.8406304024	39.9546867304	243	3.13251525531
12.8523619002	39.9546029013	244	3.13997625517
12.864093369	39.9545178898	245	3.14913474473
12.8758248085	39.9544316959	246	3.15975827812
12.8875562182	39.9543443195	247	3.17198736252
12.8992875978	39.9542557607	248	3.18545981671
12.9110189467	39.9541660195	249	3.20025985565
12.9227502647	39.9540750959	250	3.21624965152
12.9344815513	39.9539829898	251	3.23250473993
12.946212806	39.9538897013	252	3.24912780118
12.9579440286	39.9537952305	253	3.26590560706
12.9696752186	39.9536995773	254	3.28197013097
12.9814063755	39.9536027416	255	3.29758005377
12.993137499	39.9535047236	256	3.31235100135
13.0048685887	39.9534055233	257	3.32552450669
13.0165996442	39.9533051406	258	3.33721827374
13.028330665	39.9532035755	259	3.34756597451
13.0400616508	39.9531008281	260	3.35658676134
13.0517926011	39.9529968983	261	3.36427331466
13.0635235156	39.9528917863	262	3.370642198
13.0752543938	39.9527854919	263	3.37569551938
13.0869852353	39.9526780152	264	3.37942861659
13.0987160398	39.9525693562	265	3.38190032241
13.1104468068	39.9524595149	266	3.38289590367
13.1221775359	39.9523484913	267	3.38259924158
13.1339082268	39.9522362854	268	3.38197033037
13.1456388789	39.9521228973	269	3.38087957281
13.157369492	39.9520083269	270	3.37959427422
13.1691000655	39.9518925742	271	3.37932472082
13.1808305992	39.9517756394	272	3.37973528099
13.1925610925	39.9516575222	273	3.3813539541
13.2042915451	39.9515382229	274	3.38539340439
13.2160219566	39.9514177413	275	3.39183507081
13.2277523266	39.9512960776	276	3.40020596615
13.2394826546	39.9511732316	277	3.41023714623
13.2512129403	39.9510492034	278	3.42208030977
13.2629431833	39.9509239931	279	3.43545344116
13.2746733831	39.9507976006	280	3.45014389104
13.2864035394	39.950670026	281	3.46627747745
13.2981336517	39.9505412692	282	3.48360082002
13.3098637196	39.9504113302	283	3.50210206516
13.3215937428	39.9502802091	284	3.521787666
13.3333237208	39.9501479059	285	3.54203487624
13.3450536532	39.9500144206	286	3.56287755208
13.3567835396	39.9498797532	287	3.5842058712
13.3685133797	39.9497439037	288	3.60518809706
13.3802431729	39.9496068722	289	3.62601221127
13.391972919	39.9494686585	290	3.64636931074
13.4037026174	39.9493292628	291	3.66538887548
13.4154322679	39.9491886851	292	3.68305035067
13.4271618699	39.9490469253	293	3.69962344063
13.4388914231	39.9489039835	294	3.71524270365
13.4506209271	39.9487598597	295	3.72984037609
13.4623503815	39.9486145539	296	3.74353979926
13.4740797858	39.9484680661	297	3.75645455451
13.4858091397	39.9483203963	298	3.76852915568
13.4975384427	39.9481715445	299	3.77985418844
13.5092676946	39.9480215108	300	3.79042811458
13.5209968947	39.9478702951	301	3.80023308048
13.5327260428	39.9477178975	302	3.80955235377
13.5444551384	39.947564318	303	3.81836968629
13.5561841812	39.9474095566	304	3.82673702967
13.5679131707	39.9472536132	305	3.83515930659
13.5796421065	39.947096488	306	3.84352060551
13.5913709883	39.9469381809	307	3.85201847888
13.6030998155	39.9467786919	308	3.86128079996
13.6148285879	39.9466180211	309	3.87135500123
13.626557305	39.9464561685	310	3.88199940201
13.6382859663	39.946293134	311	3.89305288469
13.6500145716	39.9461289177	312	3.90447285906
13.6617431204	39.9459635196	313	3.91646727427
13.6734716122	39.9457969397	314	3.92914818718
13.6852000467	39.945629178	315	3.94236223833
13.6969284235	39.9454602346	316	3.95664363905
13.7086567422	39.9452901094	317	3.97254975858
13.7203850024	39.9451188025	318	3.98985809165
13.7321132036	39.9449463139	319	4.00779027681
13.7438413454	39.9447726435	320	4.02604349537
13.7555694276	39.9445977915	321	4.0448053257
13.7672974496	39.9444217577	322	4.06373960237
13.779025411	39.9442445423	323	4.08267493396
13.7907533114	39.9440661452	324	4.10181921858
13.8024811506	39.9438865665	325	4.12144973649
13.8142089279	39.9437058062	326	4.1418515079
13.8259366431	39.9435238642	327	4.16255979884
13.8376642957	39.9433407407	328	4.18294722251
13.8493918853	39.9431564355	329	4.203173222
13.8611194115	39.9429709488	330	4.2231050685
13.8728468739	39.9427842805	331	4.24246373287
13.8845742722	39.9425964307	332	4.26129050012
13.8963016058	39.9424073993	333	4.27974473568
13.9080288745	39.9422171865	334	4.29792190385
13.9197560777	39.9420257921	335	4.31578694746
13.9314832152	39.9418332162	336	4.33351136015
13.9432102864	39.9416394589	337	4.35108945266
13.954937291	39.9414445201	338	4.36851610344
13.9666642286	39.9412483998	339	4.3861820505
13.9783910987	39.9410510981	340	4.4040967106
13.990117901	39.940852615	341	4.42227156252
14.0018446351	39.9406529506	342	4.44110085998
14.0135713006	39.9404521047	343	4.46058067653
14.025297897	39.9402500774	344	4.48070685043
14.0370244239	39.9400468689	345	4.50163059196
14.0487508811	39.9398424789	346	4.52328275383
14.0604772679	39.9396369077	347	4.54575768248
14.0722035841	39.9394301551	348	4.56919281322
14.0839298292	39.9392222213	349	4.59349721705
14.0956560029	39.9390131062	350	4.61886512093
14.1073821047	39.9388028098	351	4.64560779543
14.1191081342	39.9385913322	352	4.67374003674
14.1308340911	39.9383786733	353	4.70266180669
14.1425599749	39.9381648333	354	4.73215044898
14.1542857851	39.937949812	355	4.76237266793
14.1660115215	39.9377336096	356	4.79251483809
14.1777371836	39.937516226	357	4.82251956102
14.189462771	39.9372976613	358	4.85236062625
14.2011882834	39.9370779154	359	4.88093733663
14.2129137202	39.9368569885	360	4.90796783742
14.224639081	39.9366348804	361	4.93379713449
14.2363643656	39.9364115913	362	4.95854128307
14.2480895735	39.9361871211	363	4.98230653584
14.2598147042	39.9359614698	364	5.00486012064
14.2715397575	39.9357346376	365	5.0259473517
14.2832647328	39.9355066243	366	5.04574433888
14.2949896298	39.93527743	367	5.06387386573
14.306714448	39.9350470548	368	5.07980456962
14.3184391871	39.9348154986	369	5.09353289918
14.3301638467	39.9345827615	370	5.10580635792
14.3418884263	39.9343488434	371	5.11694207631
14.3536129256	39.9341137445	372	5.12667576884
14.3653373441	39.9338774647	373	5.13612703707
14.3770616815	39.933640004	374	5.14551322167
14.3887859373	39.9334013624	375	5.15472670567
14.4005101111	39.9331615401	376	5.16528720947
14.4122342026	39.9329205369	377	5.17807825439
14.4239582114	39.9326783529	378	5.19215200454
14.4356821369	39.9324349881	379	5.20629530992
14.4474059789	39.9321904426	380	5.22070524205
14.4591297369	39.9319447164	381	5.23507877793
14.4708534106	39.9316978094	382	5.24856501673
14.4825769994	39.9314497218	383	5.26141613353
14.4943005031	39.9312004534	384	5.27330271857
14.5060239212	39.9309500044	385	5.28362312658
14.5177472533	39.9306983748	386	5.29236894411
14.529470499	39.9304455645	387	5.30009093114
14.5411936579	39.9301915737	388	5.30708267716
14.55	39.93	388.751	5.31165731847
>  14.55, 39.93, B, -W1p,green
14.55	39.93	388.751	5.31165731847
14.5573988026	39.9369779005	389.751	5.33411438339
14.5647991142	39.9439553307	390.751	5.35836294859
14.5722009352	39.9509322902	391.751	5.38427157294
14.5796042663	39.957908779	392.751	5.41149967843
14.5870091081	39.9648847967	393.751	5.43993091037
14.5944154611	39.9718603433	394.751	5.46949562654
14.601823326	39.9788354184	395.751	5.50013441154
14.6092327032	39.9858100218	396.751	5.53070520276
14.6166435934	39.9927841534	397.751	5.5606301473
14.6240559972	39.999757813	398.751	5.59001494794
14.6314699152	40.0067310002	399.751	5.61966491277
14.6388853478	40.0137037149	400.751	5.65037269052
14.6463022958	40.0206759569	401.751	5.68204314586
14.6537207596	40.027647726	402.751	5.71489462562
14.6611407399	40.034619022	403.751	5.74898472913
14.6685622373	40.0415898446	404.751	5.78457900035
14.6759852523	40.0485601936	405.751	5.82160130446
14.6834097855	40.0555300689	406.751	5.8598720107
14.6908358374	40.0624994702	407.751	5.89908604052
14.6982634088	40.0694683972	408.751	5.93879857271
14.7056925002	40.0764368499	409.751	5.97903048299
14.713123112	40.0834048278	410.751	6.01921225657
14.720555245	40.090372331	411.751	6.05879234074
14.7279888998	40.0973393591	412.751	6.09753981973
14.7354240768	40.1043059119	413.751	6.13551174362
14.7428607767	40.1112719892	414.751	6.1728316396
14.750299	40.1182375908	415.751	6.20939291658
14.7577387474	40.1252027164	416.751	6.24510480161
14.7651800194	40.1321673659	417.751	6.27991459479
14.7726228167	40.1391315391	418.751	6.31381578085
14.7800671397	40.1460952357	419.751	6.34669317389
14.7875129891	40.1530584555	420.751	6.3785392452
14.7949603655	40.1600211983	421.751	6.40947062267
14.8024092694	40.1669834639	422.751	6.43966244293
14.8098597015	40.1739452521	423.751	6.46913949485
14.8173116623	40.1809065626	424.751	6.49808505619
14.8247651524	40.1878673953	425.751	6.52670845826
14.8322201724	40.1948277499	426.751	6.55520531554
14.8396767229	40.2017876261	427.751	6.58361406221
14.8471348045	40.2087470239	428.751	6.61200264702
14.8545944177	40.2157059429	429.751	6.64063600687
14.8620555631	40.222664383	430.751	6.66965151838
14.8695182414	40.229622344	431.751	6.69902350629
14.8769824531	40.2365798255	432.751	6.72836342312
14.8844481988	40.2435368275	433.751	6.75776661291
14.8919154791	40.2504933497	434.751	6.78712955421
14.8993842946	40.2574493918	435.751	6.81618913999
14.9068546458	40.2644049537	436.751	6.84474387377
14.9143265333	40.2713600351	437.751	6.87253226519
14.9217999579	40.2783146359	438.751	6.89911459216
14.9292749199	40.2852687557	439.751	6.92433233025
14.9367514201	40.2922223944	440.751	6.94835429235
14.9442294589	40.2991755519	441.751	6.97160973323
14.9517090371	40.3061282277	442.751	6.9940464663
14.9591901551	40.3130804218	443.751	7.01562701543
14.9666728136	40.3200321339	444.751	7.03667359796
14.9741570132	40.3269833639	445.751	7.05761741008
14.9816427544	40.3339341113	446.751	7.07871727679
14.9891300379	40.3408843762	447.751	7.09985587093
14.9966188642	40.3478341582	448.751	7.12122124579
15.0041092339	40.3547834571	449.751	7.14331055527
15.0116011476	40.3617322728	450.751	7.16671827189
15.019094606	40.3686806049	451.751	7.19134365724
15.0265896095	40.3756284533	452.751	7.21659718378
15.0340861588	40.3825758178	453.751	7.24231749801
15.0415842545	40.3895226981	454.751	7.26897597934
15.0490838971	40.396469094	455.751	7.29634101808
15.0565850873	40.4034150053	456.751	7.32303256656
15.0640878257	40.4103604318	457.751	7.34724256903
15.0715921128	40.4173053732	458.751	7.36870583879
15.0790979492	40.4242498294	459.751	7.38826122748
15.0866053355	40.4311938001	460.751	7.40557519451
15.0941142724	40.4381372851	461.751	7.42110190706
15.1016247604	40.4450802841	462.751	7.43416759394
15.1091368	40.4520227971	463.751	7.44660741111
15.116650392	40.4589648237	464.751	7.46039868433
15.1241655368	40.4659063637	465.751	7.4768066329
15.1316822352	40.4728474169	466.751	7.49560905125
15.1392004876	40.4797879831	467.751	7.51613831106
15.1467202946	40.486728062	468.751	7.5392093176
15.154241657	40.4936676535	469.751	7.56479026237
15.1617645752	40.5006067573	470.751	7.59224350538
15.1692890498	40.5075453732	471.751	7.61981550296
15.1768150815	40.514483501	472.751	7.6468343257
15.1843426708	40.5214211404	473.751	7.67260976133
15.1918718184	40.5283582913	474.751	7.69695573961
15.1994025247	40.5352949534	475.751	7.72049138045
15.2069347905	40.5422311265	476.751	7.74230948406
15.2144686164	40.5491668103	477.751	7.76283251022
15.2220040028	40.5561020048	478.751	7.78283768572
15.2295409504	40.5630367095	479.751	7.80285902271
15.2370794599	40.5699709244	480.751	7.82300931513
15.2446195317	40.5769046491	481.751	7.84228564893
15.2521611666	40.5838378835	482.751	7.86062407415
15.259704365	40.5907706274	483.751	7.87819304278
15.2672491276	40.5977028805	484.751	7.89534996724
15.2747954551	40.6046346425	485.751	7.91287803768
15.2823433479	40.6115659134	486.751	7.93131505364
15.2898928066	40.6184966928	487.751	7.95112756149
15.297443832	40.6254269806	488.751	7.97234179321
15.3049964245	40.6323567764	489.751	7.99455443784
15.3125505848	40.6392860802	490.751	8.01839455805
15.3201063135	40.6462148916	491.751	8.04489784415
15.3276636112	40.6531432105	492.751	8.07341682922
15.3352224784	40.6600710366	493.751	8.10310191892
15.3427829157	40.6669983696	494.751	8.1337790581
15.3503449239	40.6739252095	495.751	8.1665595567
15.3579085034	40.6808515559	496.751	8.20179067988
15.3654736549	40.6877774087	497.751	8.23776773888
15.3730403789	40.6947027675	498.751	8.27337286241
15.3806086761	40.7016276322	499.751	8.30743118087
15.388178547	40.7085520026	500.751	8.33671846495
15.3957499923	40.7154758784	501.751	8.35870413625
15.4033230126	40.7223992595	502.751	8.37254952112
15.4108976084	40.7293221455	503.751	8.38041949736
15.4184737804	40.7362445363	504.751	8.38498593064
15.4260515291	40.7431664316	505.751	8.3870132251
15.4336308552	40.7500878312	506.751	8.38703196235
15.4412117593	40.757008735	507.751	8.38405806717
15.4487942419	40.7639291426	508.751	8.37734312492
15.4563783037	40.7708490538	509.751	8.36764120955
15.4639639453	40.7777684684	510.751	8.35649246369
15.4715511672	40.7846873863	511.751	8.34436622352
15.4791399701	40.7916058071	512.751	8.33094105155
15.4867303546	40.7985237307	513.751	8.31553759398
15.4943223212	40.8054411567	514.751	8.29650237299
15.5019158706	40.8123580851	515.751	8.27317979849
15.5095110034	40.8192745155	516.751	8.24697048569
15.5171077202	40.8261904478	517.751	8.22049999043
15.5247060215	40.8331058817	518.751	8.19578418622
15.532305908	40.840020817	519.751	8.17250787412
15.5399073803	40.8469352534	520.751	8.14979471666
15.5475104391	40.8538491908	521.751	8.12821560937
15.5551150848	40.8607626289	522.751	8.10847754772
15.5627213181	40.8676755675	523.751	8.09102816459
15.5703291396	40.8745880063	524.751	8.07474045103
15.5779385499	40.8814999452	525.751	8.0588479185
15.5855495496	40.8884113839	526.751	8.04369041596
15.5931621394	40.8953223221	527.751	8.03012192867
15.6007763197	40.9022327598	528.751	8.01929638706
15.6083920913	40.9091426965	529.751	8.01127924291
15.6160094547	40.9160521322	530.751	8.00468369192
15.6236284106	40.9229610665	531.751	7.9981972607
15.6312489595	40.9298694993	532.751	7.99104711463
15.638871102	40.9367774303	533.751	7.98315859643
15.6464948388	40.9436848592	534.751	7.97512300317
15.6541201705	40.950591786	535.751	7.96670480088
15.6617470976	40.9574982103	536.751	7.95764784309
15.6693756208	40.9644041319	537.751	7.94782403986
15.6770057407	40.9713095506	538.751	7.93740465412
15.6846374578	40.9782144661	539.751	7.9269130924
15.6922707728	40.9851188783	540.751	7.91613282265
15.6999056864	40.9920227869	541.751	7.90450775929
15.707542199	40.9989261916	542.751	7.89157324448
15.7151803114	41.0058290923	543.751	7.87752031689
15.7228200241	41.0127314887	544.751	7.86315104737
15.7304613377	41.0196333806	545.751	7.84942866358
15.7381042528	41.0265347678	546.751	7.83692146635
15.7457487701	41.0334356499	547.751	7.8258917405
15.7533948901	41.0403360269	548.751	7.81621289237
15.7610426135	41.0472358985	549.751	7.80787511924
15.7686919409	41.0541352644	550.751	7.80101265605
15.7763428729	41.0610341244	551.751	7.79567746346
15.78399541	41.0679324783	552.751	7.79179952627
15.7916495529	41.0748303258	553.751	7.78910303992
15.7993053023	41.0817276668	554.751	7.78742240995
15.8069626586	41.088624501	555.751	7.78661560427
15.8146216226	41.0955208281	556.751	7.78641766813
15.8222821949	41.102416648	557.751	7.78653645902
15.8299443759	41.1093119604	558.751	7.78676987121
15.8376081665	41.1162067651	559.751	7.78681668424
15.845273567	41.1231010618	560.751	7.78635416965
15.8529405783	41.1299948503	561.751	7.78523185281
15.8606092009	41.1368881304	562.751	7.78342491912
15.8682794353	41.1437809019	563.751	7.78083722852
15.8759512823	41.1506731645	564.751	7.77741282634
15.8836247424	41.157564918	565.751	7.77321544073
15.8912998162	41.1644561622	566.751	7.76853896854
15.8989765044	41.1713468968	567.751	7.76370706821
15.9066548076	41.1782371216	568.751	7.75887565877
15.9143347263	41.1851268364	569.751	7.75465238328
15.9220162612	41.1920160409	570.751	7.75136602289
15.9296994128	41.1989047349	571.751	7.74887984601
15.9373841819	41.2057929182	572.751	7.74678562198
15.9450705691	41.2126805906	573.751	7.74501857024
15.9527585748	41.2195677518	574.751	7.74340489207
15.9604481998	41.2264544015	575.751	7.74174715998
15.9681394447	41.2333405397	576.751	7.73984912324
15.97583231	41.2402261659	577.751	7.73777167019
15.9835267965	41.24711128	578.751	7.73554974899
15.9912229046	41.2539958818	579.751	7.73292093321
15.998920635	41.260879971	580.751	7.7295353418
16.0066199884	41.2677635474	581.751	7.7250528576
16.0143209654	41.2746466107	582.751	7.71945579152
16.0220235664	41.2815291608	583.751	7.71251269466
16.0297277923	41.2884111974	584.751	7.70416382157
16.0374336436	41.2952927202	585.751	7.694668219
16.0451411209	41.3021737291	586.751	7.68408671362
16.0528502247	41.3090542238	587.751	7.67276842301
16.0605609559	41.315934204	588.751	7.6611149756
16.0682733149	41.3228136696	589.751	7.64940109514
16.0759873023	41.3296926202	590.751	7.6374848183
16.0837029189	41.3365710557	591.751	7.62532995187
16.0914201651	41.3434489759	592.751	7.6131770744
16.0991390417	41.3503263804	593.751	7.60095163176
16.1068595492	41.3572032691	594.751	7.58834072119
16.11	41.36	595.158	7.58299831581
>  16.11, 41.36, C, -W1p,black
16.11	41.36	595.158	7.58299831581
16.1210635738	41.356547837	596.158	7.57957183412
16.132125974	41.3530946146	597.158	7.57616441434
16.1431872003	41.3496403329	598.158	7.57280416446
16.1542472528	41.3461849924	599.158	7.56947104142
16.1653061313	41.3427285931	600.158	7.5658469999
16.1763638357	41.3392711354	601.158	7.56180777509
16.187420366	41.3358126195	602.158	7.55737378513
16.1984757221	41.3323530455	603.158	7.55224632642
16.2095299038	41.3288924139	604.158	7.54620954327
16.220582911	41.3254307247	605.158	7.5393930009
16.2316347438	41.3219679783	606.158	7.53204935918
16.2426854019	41.3185041749	607.158	7.52425334229
16.2537348854	41.3150393147	608.158	7.51589954201
16.264783194	41.311573398	609.158	7.50714102418
16.2758303278	41.3081064249	610.158	7.49808520806
16.2868762866	41.3046383959	611.158	7.48862347559
16.2979210704	41.301169311	612.158	7.47854341291
16.3089646789	41.2976991706	613.158	7.46764215886
16.3200071123	41.2942279748	614.158	7.45604575531
16.3310483703	41.290755724	615.158	7.44406477942
16.342088453	41.2872824183	616.158	7.43186276792
16.3531273601	41.283808058	617.158	7.41936838948
16.3641650916	41.2803326433	618.158	7.40655510183
16.3752016474	41.2768561745	619.158	7.39332402226
16.3862370275	41.2733786519	620.158	7.37968092246
16.3972712318	41.2699000756	621.158	7.36564657488
16.40830426	41.2664204459	622.158	7.35098355808
16.4193361123	41.2629397631	623.158	7.33544123757
16.4303667885	41.2594580273	624.158	7.31897782317
16.4413962884	41.2559752389	625.158	7.30156765383
16.4524246121	41.2524913981	626.158	7.28305389127
16.4634517594	41.249006505	627.158	7.26367119371
16.4744777302	41.24552056	628.158	7.2436242842
16.4855025246	41.2420335634	629.158	7.22279890988
16.4965261422	41.2385455152	630.158	7.20155637696
16.5075485832	41.2350564158	631.158	7.18028609813
16.5185698474	41.2315662655	632.158	7.15902311528
16.5295899347	41.2280750644	633.158	7.13781166826
16.5406088451	41.2245828128	634.158	7.11661526137
16.5516265784	41.2210895109	635.158	7.09546956728
16.5626431345	41.217595159	636.158	7.07438129882
16.5736585135	41.2140997574	637.158	7.05331233044
16.5846727152	41.2106033062	638.158	7.03221690344
16.5956857395	41.2071058057	639.158	7.01131547378
16.6066975863	41.2036072562	640.158	6.99093162789
16.6177082556	41.2001076578	641.158	6.97110468149
16.6287177473	41.1966070109	642.158	6.95144952688
16.6397260612	41.1931053157	643.158	6.93164941369
16.6507331974	41.1896025724	644.158	6.91185621175
16.6617391557	41.1860987812	645.158	6.89181948094
16.6727439361	41.1825939425	646.158	6.87132150556
16.6837475384	41.1790880563	647.158	6.85050147471
16.6947499627	41.1755811231	648.158	6.82896612379
16.7057512087	41.172073143	649.158	6.80639281675
16.7167512765	41.1685641162	650.158	6.78291560365
16.7277501659	41.1650540431	651.158	6.7589385131
16.7387478769	41.1615429237	652.158	6.73472880158
16.7497444094	41.1580307585	653.158	6.71010209243
16.7607397633	41.1545175476	654.158	6.68528999568
16.7717339386	41.1510032913	655.158	6.66056380845
16.7827269351	41.1474879898	656.158	6.63580482429
16.7937187527	41.1439716433	657.158	6.61114924867
16.8047093915	41.1404542522	658.158	6.58682807266
16.8156988513	41.1369358166	659.158	6.56294955413
16.8266871321	41.1334163367	660.158	6.53923550871
16.8376742337	41.1298958129	661.158	6.51540658923
16.8486601562	41.1263742453	662.158	6.49166974117
16.8596448993	41.1228516342	663.158	6.46782081283
16.8706284631	41.1193279799	664.158	6.44360365507
16.8816108474	41.1158032826	665.158	6.41918888929
16.8925920523	41.1122775425	666.158	6.39453449751
16.9035720775	41.1087507598	667.158	6.36954262712
16.9145509231	41.1052229349	668.158	6.34430877689
16.925528589	41.1016940679	669.158	6.3189209292
16.936505075	41.0981641591	670.158	6.29340350021
16.9474803811	41.0946332088	671.158	6.26786835212
16.9584545073	41.0911012171	672.158	6.24223819536
16.9694274535	41.0875681843	673.158	6.21633240351
16.9803992195	41.0840341107	674.158	6.19033448698
16.9913698054	41.0804989965	675.158	6.16377916977
17.002339211	41.076962842	676.158	6.13612191252
17.0133074363	41.0734256473	677.158	6.10740150762
17.0242744811	41.0698874127	678.158	6.07815192069
17.0352403455	41.0663481386	679.158	6.04869144225
17.0462050294	41.062807825	680.158	6.01896505112
17.0571685326	41.0592664723	681.158	5.98905318071
17.0681308552	41.0557240806	682.158	5.95907078651
17.0790919969	41.0521806503	683.158	5.92894143403
17.0900519579	41.0486361816	684.158	5.89858263941
17.1010107379	41.0450906747	685.158	5.86773460492
17.111968337	41.0415441298	686.158	5.83599802365
17.122924755	41.0379965473	687.158	5.80308368672
17.1338799919	41.0344479273	688.158	5.76894172439
17.1448340476	41.03089827	689.158	5.73360182757
17.155786922	41.0273475758	690.158	5.69716652264
17.1667386152	41.0237958449	691.158	5.65971983067
17.1776891269	41.0202430774	692.158	5.62116975869
17.1886384572	41.0166892737	693.158	5.58148499509
17.1995866059	41.013134434	694.158	5.54086359928
17.210533573	41.0095785586	695.158	5.49956956987
17.2214793584	41.0060216476	696.158	5.45738479847
17.2324239621	41.0024637013	697.158	5.41375779189
17.24	41	697.85	5.38252627563
>  17.24, 41.00, D, -W1p,cyan
17.24	41	697.85	5.38252627563
17.246189635	41.0076849551	698.85	5.32014099695
17.2523807139	41.0153695791	699.85	5.25771425084
17.2585732374	41.0230538718	700.85	5.19545071347
17.2647672061	41.0307378329	701.85	5.13342666795
17.2709626207	41.0384214624	702.85	5.07158147138
17.2771594818	41.04610476	703.85	5.00998165854
17.2833577902	41.0537877257	704.85	4.94859997341
17.2895575465	41.0614703591	705.85	4.88723432318
17.2957587513	41.0691526603	706.85	4.82558055997
17.3019614054	41.0768346289	707.85	4.76360810146
17.3081655094	41.0845162648	708.85	4.70071876419
17.3143710639	41.0921975679	709.85	4.63632950732
17.3205780697	41.099878538	710.85	4.57010888509
17.3267865273	41.1075591749	711.85	4.50222072941
17.3329964376	41.1152394785	712.85	4.43308216788
17.3392078011	41.1229194486	713.85	4.36250762999
17.3454206185	41.1305990849	714.85	4.29015253196
17.3516348905	41.1382783875	715.85	4.21607866335
17.3578506178	41.145957356	716.85	4.14052711976
17.364067801	41.1536359903	717.85	4.06351785304
17.3702864408	41.1613142902	718.85	3.9850696943
17.3765065378	41.1689922557	719.85	3.90505773003
17.3827280929	41.1766698864	720.85	3.82388849666
17.3889511065	41.1843471823	721.85	3.74177066749
17.3951755794	41.1920241431	722.85	3.6586857145
17.4014015123	41.1997007688	723.85	3.57451525611
17.4076289058	41.207377059	724.85	3.48901812776
17.4138577606	41.2150530137	725.85	3.40277124952
17.4200880775	41.2227286328	726.85	3.31676918823
17.4263198569	41.2304039159	727.85	3.23182005887
17.4325530998	41.238078863	728.85	3.14831158941
17.4387878066	41.2457534739	729.85	3.06592109701
17.4450239781	41.2534277483	730.85	2.98498117118
17.4512616149	41.2611016863	731.85	2.90604053187
17.4575007178	41.2687752875	732.85	2.82951941659
17.4637412875	41.2764485518	733.85	2.75515179781
17.4699833245	41.284121479	734.85	2.68301317041
17.4762268295	41.291794069	735.85	2.6132583333
17.4824718034	41.2994663215	736.85	2.54636284078
17.4887182466	41.3071382365	737.85	2.48282027448
17.49496616	41.3148098138	738.85	2.4226780831
17.5012155441	41.3224810531	739.85	2.36572968078
17.5074663997	41.3301519543	740.85	2.31150910758
17.5137187274	41.3378225173	741.85	2.25953409649
17.5199725279	41.3454927418	742.85	2.2098585081
17.5262278019	41.3531626278	743.85	2.16222073118
17.5324845501	41.3608321749	744.85	2.11633098779
17.5387427732	41.3685013831	745.85	2.07197456829
17.5450024718	41.3761702522	746.85	2.02932844972
17.5512636466	41.383838782	747.85	1.98825970098
17.5575262983	41.3915069723	748.85	1.94846856017
17.5637904276	41.399174823	749.85	1.90964796797
17.5700560351	41.4068423339	750.85	1.87165458573
17.5763231216	41.4145095048	751.85	1.83459623829
17.5825916878	41.4221763355	752.85	1.79826180985
17.5888617342	41.429842826	753.85	1.76254968364
17.5951332616	41.4375089759	754.85	1.72750040978
17.6014062707	41.4451747852	755.85	1.69311850264
17.6076807622	41.4528402536	756.85	1.65947397897
17.6139567367	41.460505381	757.85	1.62663722674
17.6202341949	41.4681701673	758.85	1.59462385049
17.6265131376	41.4758346122	759.85	1.5633499974
17.6327935653	41.4834987155	760.85	1.53274535328
17.6390754789	41.4911624772	761.85	1.50268420328
17.6453588789	41.4988258969	762.85	1.47305855536
17.6516437661	41.5064889747	763.85	1.44372141294
17.6579301411	41.5141517102	764.85	1.4145030718
17.6642180046	41.5218141033	765.85	1.38510351232
17.6705073574	41.5294761538	766.85	1.3553313148
17.6767982	41.5371378616	767.85	1.32514102959
17.6830905333	41.5447992265	768.85	1.29467257453
17.6893843578	41.5524602483	769.85	1.26382987645
17.6956796743	41.5601209268	770.85	1.23253030503
17.7019764835	41.5677812619	771.85	1.20073394572
17.708274786	41.5754412534	772.85	1.16857718243
17.7145745826	41.583100901	773.85	1.13612262531
17.7208758738	41.5907602048	774.85	1.10335432124
17.7271786605	41.5984191644	775.85	1.0703129995
17.7334829433	41.6060777797	776.85	1.0371128724
17.7397887229	41.6137360505	777.85	1.00388631445
17.746096	41.6213939766	778.85	0.970717377453
17.7524047753	41.629051558	779.85	0.937691237104
17.7587150495	41.6367087943	780.85	0.904840564139
17.7650268232	41.6443656854	781.85	0.872160261167
17.7713400971	41.6520222312	782.85	0.839667593732
17.7776548721	41.6596784314	783.85	0.807375263657
17.7839711486	41.667334286	784.85	0.775276976013
17.7902889275	41.6749897946	785.85	0.743358590903
17.7966082094	41.6826449572	786.85	0.711555297311
17.8029289951	41.6902997736	787.85	0.679736447119
17.8092512852	41.6979542436	788.85	0.647782206801
17.8155750804	41.7056083669	789.85	0.615693342744
17.8219003814	41.7132621436	790.85	0.583604122679
17.8282271889	41.7209155732	791.85	0.551555062464
17.8345555036	41.7285686558	792.85	0.519533639401
17.8408853262	41.7362213911	793.85	0.487434674679
17.8472166574	41.7438737789	794.85	0.455418999088
17.8535494978	41.7515258191	795.85	0.423473884017
17.8598838483	41.7591775115	796.85	0.391482080305
17.8662197095	41.7668288558	797.85	0.359294146882
17.872557082	41.774479852	798.85	0.327037008943
17.8788959666	41.7821304999	799.85	0.294880765895
17.885236364	41.7897807992	800.85	0.262628692579
17.8915782749	41.7974307498	801.85	0.229891164802
17.8979216999	41.8050803516	802.85	0.196181470727
17.9042666398	41.8127296043	803.85	0.161423195667
17.9106130953	41.8203785078	804.85	0.126083740074
17.9169610671	41.8280270618	805.85	0.0906936523534
17.9233105559	41.8356752663	806.85	0.0555963066467
17.9296615623	41.843323121	807.85	0.0205460599068
17.9360140871	41.8509706258	808.85	-0.0144042646146
17.942368131	41.8586177805	809.85	-0.0489411651805
17.9487236947	41.8662645848	810.85	-0.0828435390053
17.9550807788	41.8739110387	811.85	-0.116200506134
17.9614393841	41.8815571419	812.85	-0.149163762477
17.9677995114	41.8892028943	813.85	-0.181624611635
17.9741611612	41.8968482957	814.85	-0.213412464647
17.9805243343	41.9044933459	815.85	-0.244533705391
17.9868890314	41.9121380448	816.85	-0.275240934947
17.9932552532	41.9197823921	817.85	-0.30554308133
17.9996230005	41.9274263877	818.85	-0.335343730123
18.0059922738	41.9350700313	819.85	-0.364518939547
18.012363074	41.9427133229	820.85	-0.393102198959
18.0187354016	41.9503562623	821.85	-0.421059855681
18.0251092576	41.9579988492	822.85	-0.448275012274
18.0314846424	41.9656410835	823.85	-0.474603258737
18.0378615569	41.9732829649	824.85	-0.500003169981
18.0442400017	41.9809244935	825.85	-0.524635810743
18.0506199776	41.9885656688	826.85	-0.548334267028
18.0570014853	41.9962064908	827.85	-0.570851046893
18.0633845254	42.0038469593	828.85	-0.591913464996
18.0697690987	42.0114870742	829.85	-0.611438728884
18.0761552059	42.0191268351	830.85	-0.629415640552
18.0825428477	42.026766242	831.85	-0.645632315974
18.0889320248	42.0344052946	832.85	-0.659965413435
18.0953227379	42.0420439929	833.85	-0.672420401811
18.1017149878	42.0496823365	834.85	-0.682921115987
18.1081087751	42.0573203254	835.85	-0.691430066531
18.1145041005	42.0649579593	836.85	-0.69787542926
18.1209009648	42.0725952381	837.85	-0.702215062048
18.1272993686	42.0802321616	838.85	-0.704499246295
18.1336993128	42.0878687295	839.85	-0.704593029499
18.1401007979	42.0955049418	840.85	-0.702306158772
18.1465038247	42.1031407983	841.85	-0.697439645811
18.152908394	42.1107762987	842.85	-0.689992945444
18.1593145063	42.1184114428	843.85	-0.679889044635
18.1657221626	42.1260462306	844.85	-0.667065018434
18.1721313634	42.1336806618	845.85	-0.651490003172
18.1785421094	42.1413147362	846.85	-0.63308940597
18.1849544014	42.1489484537	847.85	-0.611849014846
18.1913682402	42.156581814	848.85	-0.58786404168
18.1977836263	42.1642148171	849.85	-0.561326612288
18.2042005606	42.1718474626	850.85	-0.532426203069
18.2106190438	42.1794797505	851.85	-0.501170572609
18.2170390765	42.1871116805	852.85	-0.467843251713
18.2234606594	42.1947432525	853.85	-0.432691732079
18.2298837934	42.2023744662	854.85	-0.395892916404
18.2363084791	42.2100053216	855.85	-0.357516652189
18.2427347172	42.2176358183	856.85	-0.317602816528
18.2491625085	42.2252659563	857.85	-0.276218191849
18.2555918536	42.2328957354	858.85	-0.233409922529
18.2620227533	42.2405251553	859.85	-0.189378326503
18.2684552083	42.2481542159	860.85	-0.144373030128
18.2748892194	42.255782917	861.85	-0.0982520227844
18.2813247871	42.2634112584	862.85	-0.0509262536705
18.2877619124	42.2710392399	863.85	-0.00236553280286
18.2942005958	42.2786668614	864.85	0.0472047555991
18.3006408381	42.2862941227	865.85	0.0978995427864
18.3070826401	42.2939210235	866.85	0.149966063072
18.3135260024	42.3015475638	867.85	0.203599307963
18.3199709257	42.3091737432	868.85	0.25877446526
18.3264174109	42.3167995617	869.85	0.315322544879
18.3328654586	42.3244250191	870.85	0.373168155913
18.3393150694	42.3320501151	871.85	0.432276496427
18.3457662443	42.3396748495	872.85	0.49274299974
18.3522189838	42.3472992223	873.85	0.554780084725
18.3586732888	42.3549232332	874.85	0.618435795471
18.3651291598	42.362546882	875.85	0.683851213525
18.3715865977	42.3701701685	876.85	0.751172020216
18.3780456032	42.3777930926	877.85	0.8205104973
18.384506177	42.3854156541	878.85	0.892070926901
18.3909683198	42.3930378528	879.85	0.966279207452
18.3974320324	42.4006596884	880.85	1.04380216173
18.4038973154	42.4082811609	881.85	1.12577203664
18.4103641697	42.41590227	882.85	1.21239645905
18.4168325959	42.4235230156	883.85	1.30288381646
18.4233025947	42.4311433974	884.85	1.39642888696
18.4297741669	42.4387634153	885.85	1.4928665579
18.4362473133	42.4463830691	886.85	1.59317801024
18.4427220344	42.4540023585	887.85	1.69733233995
18.4491983312	42.4616212835	888.85	1.80439648138
18.4556762042	42.4692398439	889.85	1.91297816608
18.4621556543	42.4768580393	890.85	2.02372738006
18.4686366822	42.4844758698	891.85	2.13582099489
18.4751192885	42.492093335	892.85	2.24862332254
18.481603474	42.4997104348	893.85	2.35947994761
18.4880892395	42.5073271689	894.85	2.46514244237
18.4945765857	42.5149435373	895.85	2.56419033842
18.5010655133	42.5225595398	896.85	2.65612307596
18.507556023	42.530175176	897.85	2.74232327063
18.5140481156	42.5377904459	898.85	2.82457135671
18.5205417918	42.5454053493	899.85	2.90282535033
18.5270370523	42.5530198859	900.85	2.97699517074
18.533533898	42.5606340557	901.85	3.04705445762
18.5400323294	42.5682478583	902.85	3.11260532928
18.5465323473	42.5758612937	903.85	3.1738263906
18.5530339526	42.5834743616	904.85	3.23102286532
18.5595371458	42.5910870618	905.85	3.28433485617
18.5660419278	42.5986993942	906.85	3.33381076626
18.5725482993	42.6063113585	907.85	3.37906677008
18.579056261	42.6139229546	908.85	3.4197678758
18.5855658136	42.6215341823	909.85	3.45644221242
18.5920769579	42.6291450414	910.85	3.49033910076
18.5985896947	42.6367555317	911.85	3.52306776299
18.6051040246	42.644365653	912.85	3.55362006096
18.6116199484	42.6519754052	913.85	3.58314731701
18.6181374668	42.659584788	914.85	3.61346245993
18.6246565806	42.6671938013	915.85	3.6460217732
18.6311772905	42.6748024448	916.85	3.6799333458
18.6376995973	42.6824107184	917.85	3.71455765439
18.6442235016	42.6900186219	918.85	3.75081455762
18.6507490043	42.6976261551	919.85	3.78943117543
18.657276106	42.7052333178	920.85	3.83058283654
18.6638048076	42.7128401098	921.85	3.87319024518
18.6703351097	42.7204465309	922.85	3.91689650882
18.6768670131	42.728052581	923.85	3.96152096196
18.6834005185	42.7356582598	924.85	4.00714233359
18.6899356267	42.7432635672	925.85	4.05364236184
18.6964723384	42.750868503	926.85	4.1007528861
18.7030106544	42.758473067	927.85	4.14822572849
18.7095505753	42.7660772589	928.85	4.19592485824
18.716092102	42.7736810786	929.85	4.24382843073
18.7226352352	42.781284526	930.85	4.29182257223
18.7291799756	42.7888876007	931.85	4.33990235295
18.735726324	42.7964903027	932.85	4.38832366292
18.7422742811	42.8040926317	933.85	4.43750519075
18.7488238477	42.8116945876	934.85	4.48790601841
18.7553750245	42.8192961701	935.85	4.53982058817
18.7619278122	42.8268973791	936.85	4.59343165695
18.7684822116	42.8344982144	937.85	4.64876846015
18.7750382235	42.8420986757	938.85	4.70624067485
18.7815958485	42.849698763	939.85	4.7661544241
18.7881550875	42.8572984759	940.85	4.82835603769
18.7947159412	42.8648978143	941.85	4.89247747929
18.8012784103	42.8724967781	942.85	4.95833927971
18.8078424956	42.8800953669	943.85	5.02614038503
18.8144081978	42.8876935807	944.85	5.09527393095
18.8209755177	42.8952914193	945.85	5.16514913812
18.827544456	42.9028888824	946.85	5.23522488314
18.8341150135	42.9104859698	947.85	5.3057045379
18.8406871909	42.9180826814	948.85	5.3761572144
18.847260989	42.925679017	949.85	5.44607029563
18.8538364085	42.9332749763	950.85	5.51523462747
18.8604134502	42.9408705592	951.85	5.58347951728
18.8669921148	42.9484657655	952.85	5.65060510425
18.8735724031	42.956060595	953.85	5.71663542963
18.8801543159	42.9636550475	954.85	5.78173870861
18.8867378538	42.9712491229	955.85	5.84625902745
18.8933230176	42.9788428208	956.85	5.91015827964
18.8999098082	42.9864361411	957.85	5.97401857474
18.9064982262	42.9940290837	958.85	6.03875081396
18.9130882723	43.0016216483	959.85	6.10525091328
18.9196799475	43.0092138348	960.85	6.17401319248
18.9262732523	43.0168056429	961.85	6.24479858952
18.9328681876	43.0243970725	962.85	6.31728120884
18.9394647541	43.0319881233	963.85	6.39129361972
18.9460629526	43.0395787952	964.85	6.46740021286
18.9526627838	43.0471690879	965.85	6.54664144605
18.9592642485	43.0547590014	966.85	6.62821417964
18.9658673474	43.0623485353	967.85	6.71073212787
18.9724720813	43.0699376895	968.85	6.79324801479
18.979078451	43.0775264638	969.85	6.87801643438
18.9856864571	43.085114858	970.85	6.96399574472
18.9922961006	43.0927028718	971.85	7.04762179288
18.9989073821	43.1002905052	972.85	7.12376703065
19.0055203023	43.1078777579	973.85	7.18859265332
19.0121348621	43.1154646298	974.85	7.24460802996
19.0187510622	43.1230511205	975.85	7.29595998489
19.0253689034	43.13063723	976.85	7.34555296286
19.0319883864	43.138222958	977.85	7.39386101599
19.038609512	43.1458083043	978.85	7.4385507835
19.0452322809	43.1533932687	979.85	7.47961175283
19.0518566939	43.1609778511	980.85	7.51817835626
19.0584827518	43.1685620513	981.85	7.55544751842
19.0651104553	43.176145869	982.85	7.59063540417
19.0717398053	43.183729304	983.85	7.62347503977
19.0783708023	43.1913123562	984.85	7.65428659926
19.0850034473	43.1988950254	985.85	7.68509167164
19.091637741	43.2064773113	986.85	7.7184561925
19.0982736841	43.2140592137	987.85	7.75522357055
19.1049112775	43.2216407326	988.85	7.7945194904
19.1115505218	43.2292218676	989.85	7.83397978578
19.1181914178	43.2368026186	990.85	7.87194878246
19.1248339664	43.2443829854	991.85	7.90945384777
19.1314781682	43.2519629677	992.85	7.9461165303
19.1381240241	43.2595425654	993.85	7.98120876325
19.1447715347	43.2671217783	994.85	8.01376983758
19.151420701	43.2747006062	995.85	8.04432393837
19.1580715235	43.2822790489	996.85	8.07332579479
19.1647240032	43.2898571061	997.85	8.10010970647
19.1713781408	43.2974347778	998.85	8.12409595062
19.1780339369	43.3050120636	999.85	8.14438062851
19.1846913925	43.3125889635	1000.85	8.15935817781
19.1913505083	43.3201654771	1001.85	8.16900425365
19.198011285	43.3277416043	1002.85	8.1747989164
19.2046737235	43.3353173449	1003.85	8.17926245658
19.2113378244	43.3428926987	1004.85	8.18229685262
19.2180035886	43.3504676656	1005.85	8.18500696745
19.2246710168	43.3580422452	1006.85	8.18906322285
19.2313401098	43.3656164374	1007.85	8.19559731578
19.2380108684	43.373190242	1008.85	8.20414054144
19.2446832934	43.3807636588	1009.85	8.21377817293
19.2513573854	43.3883366877	1010.85	8.22517424039
19.2580331453	43.3959093283	1011.85	8.23862473012
19.2647105739	43.4034815805	1012.85	8.2542201446
19.271389672	43.4110534442	1013.85	8.27131847513
19.2780704402	43.418624919	1014.85	8.28870602378
19.2847528794	43.4261960048	1015.85	8.30603515893
19.2914369904	43.4337667015	1016.85	8.32257059999
19.2981227739	43.4413370087	1017.85	8.33815501249
19.3048102307	43.4489069264	1018.85	8.35224951491
19.3114993617	43.4564764542	1019.85	8.36357798216
19.3181901674	43.464045592	1020.85	8.37144447044
19.3248826488	43.4716143397	1021.85	8.3757739276
19.3315768066	43.4791826969	1022.85	8.37687372631
19.3382726416	43.4867506636	1023.85	8.37477742355
19.3449701546	43.4943182394	1024.85	8.36956763598
19.35	43.5	1025.6	8.36413502693
>  19.35, 43.50, E, -W1p,yellow
19.35	43.5	1025.6	8.36413502693
19.3623975783	43.5000765787	1026.6	8.36055693648
19.3747951878	43.500151818	1027.6	8.35807609028
19.387192828	43.5002257179	1028.6	8.35637176712
19.3995904982	43.5002982782	1029.6	8.35838598809
19.4119881979	43.5003694991	1030.6	8.36665593922
19.4243859266	43.5004393806	1031.6	8.37877985393
19.4367836838	43.5005079225	1032.6	8.39061590581
19.4491814688	43.500575125	1033.6	8.40241343041
19.4615792811	43.5006409879	1034.6	8.41396513389
19.4739771202	43.5007055114	1035.6	8.42431295077
19.4863749855	43.5007686953	1036.6	8.43388657719
19.4987728765	43.5008305398	1037.6	8.4417627936
19.5111707926	43.5008910447	1038.6	8.44690642756
19.5235687333	43.5009502101	1039.6	8.45015777067
19.5359666981	43.5010080359	1040.6	8.45339556701
19.5483646862	43.5010645222	1041.6	8.45638488583
19.5607626974	43.501119669	1042.6	8.45968911484
19.5731607309	43.5011734762	1043.6	8.46449400113
19.5855587862	43.5012259439	1044.6	8.47041275925
19.5979568628	43.5012770721	1045.6	8.477921746
19.6103549601	43.5013268606	1046.6	8.48740501954
19.6227530776	43.5013753096	1047.6	8.49865558579
19.6351512147	43.5014224191	1048.6	8.51172632482
19.6475493709	43.5014681889	1049.6	8.52676764079
19.6599475456	43.5015126192	1050.6	8.54349841412
19.6723457383	43.5015557099	1051.6	8.56143095916
19.6847439484	43.5015974611	1052.6	8.58043445747
19.6971421753	43.5016378726	1053.6	8.60135225174
19.7095404186	43.5016769445	1054.6	8.62540410375
19.7219386777	43.5017146769	1055.6	8.65201948258
19.734336952	43.5017510696	1056.6	8.67810961693
19.746735241	43.5017861227	1057.6	8.70317634686
19.7591335441	43.5018198363	1058.6	8.72740595842
19.7715318607	43.5018522102	1059.6	8.74962198274
19.7839301904	43.5018832445	1060.6	8.76970190992
19.7963285325	43.5019129392	1061.6	8.788536628
19.8087268866	43.5019412943	1062.6	8.80700479684
19.8211252521	43.5019683097	1063.6	8.82482511016
19.8335236283	43.5019939856	1064.6	8.84071389457
19.8459220149	43.5020183218	1065.6	8.85398090735
19.8583204111	43.5020413184	1066.6	8.86529208055
19.8707188165	43.5020629753	1067.6	8.8752602939
19.8831172306	43.5020832926	1068.6	8.88325081083
19.8955156527	43.5021022703	1069.6	8.89084833168
19.9079140823	43.5021199084	1070.6	8.90004945144
19.920312519	43.5021362068	1071.6	8.91035485163
19.932710962	43.5021511656	1072.6	8.92006996392
19.9451094109	43.5021647847	1073.6	8.92872165864
19.9575078651	43.5021770642	1074.6	8.93645962322
19.9699063241	43.502188004	1075.6	8.94229600129
19.9823047873	43.5021976043	1076.6	8.94714697596
19.9947032541	43.5022058648	1077.6	8.94893897186
20.0071017241	43.5022127857	1078.6	8.94459505101
20.0195001967	43.502218367	1079.6	8.93449219142
20.0318986712	43.5022226086	1080.6	8.9217125059
20.0442971473	43.5022255106	1081.6	8.90774371507
20.0566956242	43.502227073	1082.6	8.89180452861
20.0690941015	43.5022272957	1083.6	8.87469072175
20.0814925787	43.5022261787	1084.6	8.85638463708
20.0938910551	43.5022237221	1085.6	8.83697311017
20.1062895302	43.5022199259	1086.6	8.81668427676
20.1186880035	43.50221479	1087.6	8.79521686006
20.1310864744	43.5022083144	1088.6	8.77372713557
20.1434849424	43.5022004992	1089.6	8.75262908931
20.1558834068	43.5021913444	1090.6	8.73179385135
20.1682818673	43.5021808499	1091.6	8.71312231672
20.1806803231	43.5021690158	1092.6	8.69550538321
20.1930787739	43.5021558421	1093.6	8.68120523604
20.2054772189	43.5021413287	1094.6	8.67502464111
20.2178756577	43.5021254756	1095.6	8.67741705461
20.2302740897	43.502108283	1096.6	8.6836415906
20.2426725144	43.5020897507	1097.6	8.6906819379
20.2550709312	43.5020698787	1098.6	8.69989821883
20.2674693395	43.5020486671	1099.6	8.70936653895
20.2798677389	43.5020261159	1100.6	8.71904014818
20.2922661287	43.5020022251	1101.6	8.72854835508
20.3046645085	43.5019769946	1102.6	8.73611206613
20.3170628776	43.5019504246	1103.6	8.74192215515
20.3294612355	43.5019225149	1104.6	8.74603915391
20.3418595817	43.5018932655	1105.6	8.7483036148
20.3542579155	43.5018626766	1106.6	8.74878615206
20.3666562366	43.501830748	1107.6	8.74734181874
20.3790545443	43.5017974799	1108.6	8.74342073527
20.391452838	43.5017628721	1109.6	8.73773399541
20.4038511172	43.5017269247	1110.6	8.73201271359
20.4162493814	43.5016896378	1111.6	8.72685183846
20.42864763	43.5016510112	1112.6	8.72042322379
20.4410458625	43.501611045	1113.6	8.71104121313
20.4534440782	43.5015697393	1114.6	8.69922778197
20.4658422768	43.5015270939	1115.6	8.68520753481
20.4782404575	43.501483109	1116.6	8.66847927023
20.4906386199	43.5014377845	1117.6	8.64964877408
20.5030367634	43.5013911204	1118.6	8.63082301058
20.5154348875	43.5013431168	1119.6	8.61209541743
20.5278329916	43.5012937735	1120.6	8.59320923605
20.5402310751	43.5012430908	1121.6	8.57412464038
20.5526291376	43.5011910684	1122.6	8.5545450547
20.5650271784	43.5011377066	1123.6	8.53622675388
20.577425197	43.5010830051	1124.6	8.51947769608
20.5898231929	43.5010269641	1125.6	8.50440266638
20.6022211655	43.5009695836	1126.6	8.49437227307
20.6146191142	43.5009108636	1127.6	8.49040671693
20.6270170386	43.500850804	1128.6	8.4908078919
20.639414938	43.5007894049	1129.6	8.49420907716
20.6518128119	43.5007266663	1130.6	8.50096446027
20.6642106598	43.5006625882	1131.6	8.51082043254
20.6766084811	43.5005971706	1132.6	8.5235170153
20.6890062752	43.5005304135	1133.6	8.53918285088
20.7014040417	43.5004623168	1134.6	8.55768729745
20.7138017799	43.5003928807	1135.6	8.57991915053
20.7261994893	43.5003221052	1136.6	8.60434158517
20.7385971694	43.5002499901	1137.6	8.62848196454
20.7509948196	43.5001765356	1138.6	8.65341063927
20.7633924394	43.5001017416	1139.6	8.67676417023
20.7757900281	43.5000256082	1140.6	8.69744965808
20.7881875854	43.4999481353	1141.6	8.71609970332
20.8005851105	43.499869323	1142.6	8.72625563951
20.812982603	43.4997891713	1143.6	8.72388184345
20.8253800623	43.4997076801	1144.6	8.71356921875
20.8377774878	43.4996248495	1145.6	8.70105939292
20.8501748791	43.4995406795	1146.6	8.68548346696
20.8625722355	43.4994551701	1147.6	8.66761042291
20.8749695566	43.4993683213	1148.6	8.64932311494
20.8873668417	43.4992801332	1149.6	8.63007055594
20.8997640903	43.4991906056	1150.6	8.60798247091
20.9121613018	43.4990997387	1151.6	8.58088470599
20.9245584758	43.4990075324	1152.6	8.55114986341
20.9369556117	43.4989139868	1153.6	8.52363934199
20.9493527088	43.4988191018	1154.6	8.49817485889
20.9617497667	43.4987228775	1155.6	8.47460114732
20.9741467848	43.4986253138	1156.6	8.45414793994
20.9865437626	43.4985264109	1157.6	8.43689205139
20.9989406995	43.4984261686	1158.6	8.41948377829
21.011337595	43.498324587	1159.6	8.39921924641
21.0237344485	43.4982216662	1160.6	8.37821524716
21.0361312594	43.498117406	1161.6	8.36015549164
21.0485280273	43.4980118066	1162.6	8.3455901221
21.0609247515	43.4979048679	1163.6	8.33338567091
21.0733214315	43.49779659	1164.6	8.32344487796
21.0857180668	43.4976869728	1165.6	8.316510354
21.0981146568	43.4975760164	1166.6	8.30880839031
21.110511201	43.4974637208	1167.6	8.29722398577
21.1229076988	43.4973500859	1168.6	8.28362073988
21.1353041497	43.4972351119	1169.6	8.27083618733
21.1477005531	43.4971187987	1170.6	8.25928746882
21.1600969084	43.4970011463	1171.6	8.24849646669
21.1724932152	43.4968821547	1172.6	8.2386166933
21.1848894728	43.4967618239	1173.6	8.22943847936
21.1972856808	43.496640154	1174.6	8.22169133088
21.2096818385	43.496517145	1175.6	8.21641945233
21.2220779454	43.4963927968	1176.6	8.21310148399
21.2344740011	43.4962671096	1177.6	8.20936443881
21.2468700048	43.4961400832	1178.6	8.20472343645
21.2592659561	43.4960117177	1179.6	8.19954797942
21.2716618545	43.4958820132	1180.6	8.19313070231
21.2840576993	43.4957509696	1181.6	8.18438932631
21.29645349	43.4956185869	1182.6	8.17723506578
21.3088492261	43.4954848652	1183.6	8.1760332002
21.3212449071	43.4953498045	1184.6	8.17922570886
21.3336405323	43.4952134047	1185.6	8.18100619122
21.3460361012	43.4950756659	1186.6	8.17927110971
21.3584316133	43.4949365882	1187.6	8.17569849315
21.3708270681	43.4947961714	1188.6	8.17013212786
21.3832224649	43.4946544157	1189.6	8.16053267561
21.3956178033	43.494511321	1190.6	8.15258781552
21.4080130826	43.4943668874	1191.6	8.15316933668
21.4204083024	43.4942211149	1192.6	8.16058897368
21.4328034621	43.4940740034	1193.6	8.16725259747
21.4451985611	43.493925553	1194.6	8.16991914479
21.4575935989	43.4937757638	1195.6	8.17068605773
21.4699885749	43.4936246357	1196.6	8.16891183834
21.4823834886	43.4934721687	1197.6	8.16339927301
21.4947783394	43.4933183628	1198.6	8.15705888554
21.5071731269	43.4931632181	1199.6	8.15354621713
21.5195678504	43.4930067347	1200.6	8.15227536631
21.5319625093	43.4928489123	1201.6	8.15006551253
21.5443571033	43.4926897513	1202.6	8.14501487567
21.5567516316	43.4925292514	1203.6	8.13834780019
21.5691460937	43.4923674128	1204.6	8.13094240054
21.5815404892	43.4922042354	1205.6	8.12125375142
21.5939348174	43.4920397193	1206.6	8.11251206008
21.6063290778	43.4918738644	1207.6	8.10977661848
21.6187232699	43.4917066709	1208.6	8.11273950669
21.631117393	43.4915381387	1209.6	8.1170725705
21.6435114467	43.4913682678	1210.6	8.12005271023
21.6559054305	43.4911970582	1211.6	8.12310380291
21.6682993436	43.49102451	1212.6	8.12666897947
21.6806931857	43.4908506232	1213.6	8.12909508539
21.6930869562	43.4906753978	1214.6	8.13343128783
21.7054806544	43.4904988338	1215.6	8.14508565136
21.7178742799	43.4903209312	1216.6	8.16434613611
21.7302678322	43.49014169	1217.6	8.18643589771
21.74	43.49	1218.39	8.20338151126
>  21.74, 43.49, F, -W1p,blue
21.74	43.49	1218.39	8.20338151126
21.7506346255	43.4946212002	1219.39	8.22153288456
21.7612708786	43.4992414148	1220.39	8.24304938962
21.7719087594	43.5038606432	1221.39	8.26696440405
21.7825482681	43.5084788854	1222.39	8.29259501093
21.7931894049	43.5130961408	1223.39	8.32016718741
21.8038321699	43.5177124093	1224.39	8.34969171505
21.8144765633	43.5223276905	1225.39	8.38058166992
21.8251225853	43.5269419841	1226.39	8.4115285555
21.8357702359	43.5315552898	1227.39	8.44157015873
21.8464195155	43.5361676073	1228.39	8.47089565405
21.8570704241	43.5407789363	1229.39	8.49908352955
21.8677229618	43.5453892765	1230.39	8.52530051015
21.878377129	43.5499986275	1231.39	8.54973285481
21.8890329257	43.554606989	1232.39	8.57221469539
21.8996903521	43.5592143608	1233.39	8.59216985362
21.9103494083	43.5638207425	1234.39	8.60975689615
21.9210100946	43.5684261338	1235.39	8.62546247556
21.931672411	43.5730305344	1236.39	8.63909362093
21.9423363578	43.577633944	1237.39	8.65069772945
21.953001935	43.5822363623	1238.39	8.66052906946
21.9636691429	43.5868377889	1239.39	8.66807652566
21.9743379817	43.5914382236	1240.39	8.67323336521
21.9850084514	43.5960376661	1241.39	8.67640616176
21.9956805522	43.600636116	1242.39	8.67604261778
22.0063542843	43.605233573	1243.39	8.67054110977
22.0170296479	43.6098300368	1244.39	8.66048535921
22.0277066431	43.6144255071	1245.39	8.64756377419
22.0383852701	43.6190199836	1246.39	8.63287594053
22.049065529	43.623613466	1247.39	8.61605494696
22.05974742	43.628205954	1248.39	8.59742778514
22.0704309433	43.6327974472	1249.39	8.57736602164
22.0811160989	43.6373879454	1250.39	8.55570394572
22.0918028871	43.6419774481	1251.39	8.5328938825
22.102491308	43.6465659553	1252.39	8.50910213417
22.1131813618	43.6511534664	1253.39	8.48358057342
22.1238730487	43.6557399812	1254.39	8.45647937398
22.1345663687	43.6603254994	1255.39	8.428679266
22.1452613221	43.6649100206	1256.39	8.39997632314
22.1559579089	43.6694935447	1257.39	8.3705432531
22.1666561294	43.6740760711	1258.39	8.34181711907
22.1773559838	43.6786575997	1259.39	8.31443448843
22.1880574721	43.6832381302	1260.39	8.28813647119
22.1987605945	43.6878176621	1261.39	8.2612300295
22.2094653512	43.6923961953	1262.39	8.23058693489
22.2201717423	43.6969737293	1263.39	8.19617846089
22.230879768	43.7015502639	1264.39	8.16141769277
22.2415894285	43.7061257988	1265.39	8.12886160111
22.2523007238	43.7107003336	1266.39	8.09752773629
22.2630136542	43.715273868	1267.39	8.06863684245
22.2737282198	43.7198464018	1268.39	8.04291745136
22.2844444208	43.7244179346	1269.39	8.01979108067
22.2951622572	43.7289884661	1270.39	7.99951753002
22.3058817293	43.7335579959	1271.39	7.98218163322
22.3166028372	43.7381265239	1272.39	7.96749494224
22.3273255811	43.7426940496	1273.39	7.95362525992
22.3380499611	43.7472605727	1274.39	7.93921810009
22.3487759773	43.751826093	1275.39	7.9252649268
22.35950363	43.7563906101	1276.39	7.91022481453
22.3702329192	43.7609541238	1277.39	7.89231407674
22.3809638452	43.7655166336	1278.39	7.87260341089
22.391696408	43.7700781393	1279.39	7.85017859766
22.4024306078	43.7746386405	1280.39	7.82314966986
22.4131664448	43.7791981371	1281.39	7.79089019261
22.4239039191	43.7837566285	1282.39	7.75391961747
22.4346430309	43.7883141146	1283.39	7.71324470979
22.4453837803	43.792870595	1284.39	7.66925007532
22.4561261675	43.7974260694	1285.39	7.62240967764
22.4668701925	43.8019805375	1286.39	7.57389708062
22.4776158557	43.806533999	1287.39	7.52384655872
22.488363157	43.8110864535	1288.39	7.47303092572
22.4991120967	43.8156379008	1289.39	7.4232223705
22.5098626749	43.8201883405	1290.39	7.37517194348
22.5206148918	43.8247377724	1291.39	7.32833586783
22.5313687475	43.829286196	1292.39	7.28278302955
22.5421242421	43.8338336112	1293.39	7.23864905172
22.5528813758	43.8383800175	1294.39	7.19634550066
22.5636401487	43.8429254146	1295.39	7.15659766852
22.574400561	43.8474698024	1296.39	7.11950820472
22.5851626129	43.8520131803	1297.39	7.08479719494
22.5959263044	43.8565555482	1298.39	7.0526675064
22.6066916358	43.8610969057	1299.39	7.02285571152
22.6174586071	43.8656372525	1300.39	6.99457393718
22.6282272185	43.8701765883	1301.39	6.96733042272
22.6389974702	43.8747149127	1302.39	6.9413043137
22.6497693623	43.8792522255	1303.39	6.91648515213
22.660542895	43.8837885263	1304.39	6.89245850971
22.6713180683	43.8883238148	1305.39	6.8689879768
22.6820948824	43.8928580908	1306.39	6.8464584236
22.6928733376	43.8973913538	1307.39	6.82396923
22.7036534338	43.9019236036	1308.39	6.800246883
22.7144351713	43.9064548399	1309.39	6.77528096217
22.7252185503	43.9109850623	1310.39	6.75012887348
22.7360035707	43.9155142706	1311.39	6.72566392969
22.7467902329	43.9200424644	1312.39	6.70182979155
22.7575785368	43.9245696434	1313.39	6.67858645509
22.7683684828	43.9290958072	1314.39	6.65607047422
22.7791600709	43.9336209557	1315.39	6.63423039395
22.7899533012	43.9381450884	1316.39	6.61307554527
22.8007481739	43.942668205	1317.39	6.59271033695
22.8115446891	43.9471903053	1318.39	6.57319985708
22.8223428471	43.9517113889	1319.39	6.55443679489
22.8331426478	43.9562314555	1320.39	6.53623929887
22.8439440915	43.9607505047	1321.39	6.51852621695
22.8547471783	43.9652685364	1322.39	6.50127976403
22.8655519083	43.96978555	1323.39	6.48442242867
22.8763582817	43.9743015455	1324.39	6.46792524286
22.8871662985	43.9788165223	1325.39	6.45175280328
22.89	43.98	1325.65	6.44757691016
