>  Running time: 2022-04-27_18:04:38
>  A(17.24 41.00) B(19.35 43.50) 0
17.24 41 0 -36.8968229675
17.246189635 41.0076849551 1 -46.5830300795
17.2523807139 41.0153695791 2 -55.0810464227
17.2585732374 41.0230538718 3 -63.1636406645
17.2647672061 41.0307378329 4 -73.7913116833
17.2709626207 41.0384214624 5 -85.4796299195
17.2771594818 41.04610476 6 -92.046545832
17.2833577902 41.0537877257 7 -100.420989478
17.2895575465 41.0614703591 8 -101.799576714
17.2957587513 41.0691526603 9 -98.9136262991
17.3019614054 41.0768346289 10 -97.990059905
17.3081655094 41.0845162648 11 -116.344332637
17.3143710639 41.0921975679 12 -123.176356711
17.3205780697 41.099878538 13 -123.819064252
17.3267865273 41.1075591749 14 -125.931281748
17.3329964376 41.1152394785 15 -124.742788044
17.3392078011 41.1229194486 16 -119.881767519
17.3454206185 41.1305990849 17 -140.674166434
17.3516348905 41.1382783875 18 -172.138961647
17.3578506178 41.145957356 19 -194.514301604
17.364067801 41.1536359903 20 -208.62117701
17.3702864408 41.1613142902 21 -248.917084373
17.3765065378 41.1689922557 22 -280.568650523
17.3827280929 41.1766698864 23 -312.438759647
17.3889511065 41.1843471823 24 -356.983839855
17.3951755794 41.1920241431 25 -385.116824924
17.4014015123 41.1997007688 26 -420.43155276
17.4076289058 41.207377059 27 -451.959238963
17.4138577606 41.2150530137 28 -538.322298152
17.4200880775 41.2227286328 29 -670.560212621
17.4263198569 41.2304039159 30 -722.830474436
17.4325530998 41.238078863 31 -802.171628772
17.4387878066 41.2457534739 32 -832.06677125
17.4450239781 41.2534277483 33 -859.090384926
17.4512616149 41.2611016863 34 -879.209181972
17.4575007178 41.2687752875 35 -892.33672932
17.4637412875 41.2764485518 36 -903.366118825
17.4699833245 41.284121479 37 -917.311865131
17.4762268295 41.291794069 38 -930.844539303
17.4824718034 41.2994663215 39 -942.013115206
17.4887182466 41.3071382365 40 -955.342161491
17.49496616 41.3148098138 41 -975.864139044
17.5012155441 41.3224810531 42 -1013.59092206
17.5074663997 41.3301519543 43 -1039.67585345
17.5137187274 41.3378225173 44 -1052.20328358
17.5199725279 41.3454927418 45 -1067.00058505
17.5262278019 41.3531626278 46 -1080.57491376
17.5324845501 41.3608321749 47 -1091.31186938
17.5387427732 41.3685013831 48 -1101.06213752
17.5450024718 41.3761702522 49 -1107.88520136
17.5512636466 41.383838782 50 -1114.40267728
17.5575262983 41.3915069723 51 -1119.83445618
17.5637904276 41.399174823 52 -1119.28912419
17.5700560351 41.4068423339 53 -1116.94297712
17.5763231216 41.4145095048 54 -1118.43703678
17.5825916878 41.4221763355 55 -1118.50666149
17.5888617342 41.429842826 56 -1117.03741433
17.5951332616 41.4375089759 57 -1117.15315342
17.6014062707 41.4451747852 58 -1121.08244684
17.6076807622 41.4528402536 59 -1126.40232465
17.6139567367 41.460505381 60 -1130.75308981
17.6202341949 41.4681701673 61 -1134.49891537
17.6265131376 41.4758346122 62 -1137.3021279
17.6327935653 41.4834987155 63 -1136.27135496
17.6390754789 41.4911624772 64 -1135.43657798
17.6453588789 41.4988258969 65 -1136.01254412
17.6516437661 41.5064889747 66 -1137.03911857
17.6579301411 41.5141517102 67 -1137.03595898
17.6642180046 41.5218141033 68 -1136.99755915
17.6705073574 41.5294761538 69 -1139.62698435
17.6767982 41.5371378616 70 -1143.69039259
17.6830905333 41.5447992265 71 -1147.75451144
17.6893843578 41.5524602483 72 -1151.19395624
17.6956796743 41.5601209268 73 -1151.95536014
17.7019764835 41.5677812619 74 -1149.89035567
17.708274786 41.5754412534 75 -1147.05570841
17.7145745826 41.583100901 76 -1144.43952611
17.7208758738 41.5907602048 77 -1142.60367898
17.7271786605 41.5984191644 78 -1140.79923518
17.7334829433 41.6060777797 79 -1139.17608567
17.7397887229 41.6137360505 80 -1134.71520855
17.746096 41.6213939766 81 -1127.83804333
17.7524047753 41.629051558 82 -1120.52005807
17.7587150495 41.6367087943 83 -1115.19446952
17.7650268232 41.6443656854 84 -1110.75278386
17.7713400971 41.6520222312 85 -1108.34546793
17.7776548721 41.6596784314 86 -1109.28860246
17.7839711486 41.667334286 87 -1113.55408603
17.7902889275 41.6749897946 88 -1118.72919347
17.7966082094 41.6826449572 89 -1130.07842348
17.8029289951 41.6902997736 90 -1141.55824296
17.8092512852 41.6979542436 91 -1150.32449161
17.8155750804 41.7056083669 92 -1158.50916126
17.8219003814 41.7132621436 93 -1165.50460673
17.8282271889 41.7209155732 94 -1167.4300314
17.8345555036 41.7285686558 95 -1164.69065827
17.8408853262 41.7362213911 96 -1157.41744754
17.8472166574 41.7438737789 97 -1148.6040419
17.8535494978 41.7515258191 98 -1138.97124617
17.8598838483 41.7591775115 99 -1128.79887728
17.8662197095 41.7668288558 100 -1120.90652993
17.872557082 41.774479852 101 -1114.79491095
17.8788959666 41.7821304999 102 -1113.30510755
17.885236364 41.7897807992 103 -1114.93366757
17.8915782749 41.7974307498 104 -1120.43242474
17.8979216999 41.8050803516 105 -1128.73171295
17.9042666398 41.8127296043 106 -1138.07833546
17.9106130953 41.8203785078 107 -1146.89639499
17.9169610671 41.8280270618 108 -1154.25028929
17.9233105559 41.8356752663 109 -1160.01101071
17.9296615623 41.843323121 110 -1162.6928956
17.9360140871 41.8509706258 111 -1162.63995665
17.942368131 41.8586177805 112 -1162.147614
17.9487236947 41.8662645848 113 -1160.78351878
17.9550807788 41.8739110387 114 -1159.38797004
17.9614393841 41.8815571419 115 -1159.30481779
17.9677995114 41.8892028943 116 -1159.73247638
17.9741611612 41.8968482957 117 -1161.1743132
17.9805243343 41.9044933459 118 -1164.17405666
17.9868890314 41.9121380448 119 -1166.75459585
17.9932552532 41.9197823921 120 -1169.46266575
17.9996230005 41.9274263877 121 -1171.99126571
18.0059922738 41.9350700313 122 -1175.07842886
18.012363074 41.9427133229 123 -1180.84507207
18.0187354016 41.9503562623 124 -1186.55973349
18.0251092576 41.9579988492 125 -1188.65720033
18.0314846424 41.9656410835 126 -1188.08624212
18.0378615569 41.9732829649 127 -1188.14231976
18.0442400017 41.9809244935 128 -1188.94345414
18.0506199776 41.9885656688 129 -1188.47511659
18.0570014853 41.9962064908 130 -1187.55270082
18.0633845254 42.0038469593 131 -1189.69623429
18.0697690987 42.0114870742 132 -1189.58801833
18.0761552059 42.0191268351 133 -1188.33194193
18.0825428477 42.026766242 134 -1186.57552572
18.0889320248 42.0344052946 135 -1184.78067988
18.0953227379 42.0420439929 136 -1181.12589169
18.1017149878 42.0496823365 137 -1177.85429696
18.1081087751 42.0573203254 138 -1173.99102412
18.1145041005 42.0649579593 139 -1170.80328625
18.1209009648 42.0725952381 140 -1166.94571302
18.1272993686 42.0802321616 141 -1163.67846936
18.1336993128 42.0878687295 142 -1159.52451385
18.1401007979 42.0955049418 143 -1155.030134
18.1465038247 42.1031407983 144 -1147.34373776
18.152908394 42.1107762987 145 -1137.99416337
18.1593145063 42.1184114428 146 -1126.52644542
18.1657221626 42.1260462306 147 -1112.738092
18.1721313634 42.1336806618 148 -1098.93362159
18.1785421094 42.1413147362 149 -1084.16856428
18.1849544014 42.1489484537 150 -1068.95159336
18.1913682402 42.156581814 151 -1051.25729909
18.1977836263 42.1642148171 152 -1032.23989978
18.2042005606 42.1718474626 153 -1011.73364198
18.2106190438 42.1794797505 154 -993.006702419
18.2170390765 42.1871116805 155 -973.492627011
18.2234606594 42.1947432525 156 -955.072201093
18.2298837934 42.2023744662 157 -929.531460871
18.2363084791 42.2100053216 158 -897.746195135
18.2427347172 42.2176358183 159 -854.624705855
18.2491625085 42.2252659563 160 -802.666650733
18.2555918536 42.2328957354 161 -745.241474225
18.2620227533 42.2405251553 162 -687.528154088
18.2684552083 42.2481542159 163 -623.961498909
18.2748892194 42.255782917 164 -558.946312366
18.2813247871 42.2634112584 165 -503.247267103
18.2877619124 42.2710392399 166 -442.845494325
18.2942005958 42.2786668614 167 -385.236256191
18.3006408381 42.2862941227 168 -338.196885153
18.3070826401 42.2939210235 169 -303.755059757
18.3135260024 42.3015475638 170 -285.513649784
18.3199709257 42.3091737432 171 -274.918577378
18.3264174109 42.3167995617 172 -274.964083328
18.3328654586 42.3244250191 173 -276.393628754
18.3393150694 42.3320501151 174 -267.645011402
18.3457662443 42.3396748495 175 -248.883998707
18.3522189838 42.3472992223 176 -229.039055675
18.3586732888 42.3549232332 177 -209.598485371
18.3651291598 42.362546882 178 -182.682107497
18.3715865977 42.3701701685 179 -160.576757411
18.3780456032 42.3777930926 180 -152.888922184
18.384506177 42.3854156541 181 -151.001821679
18.3909683198 42.3930378528 182 -144.903024531
18.3974320324 42.4006596884 183 -133.836473606
18.4038973154 42.4082811609 184 -124.742987612
18.4103641697 42.41590227 185 -119.663917211
18.4168325959 42.4235230156 186 -117.706926546
18.4233025947 42.4311433974 187 -117.371390432
18.4297741669 42.4387634153 188 -48.0742483555
18.4362473133 42.4463830691 189 -20.3270487703
18.4427220344 42.4540023585 190 76.2712653986
18.4491983312 42.4616212835 191 299.162083337
18.4556762042 42.4692398439 192 307.315719501
18.4621556543 42.4768580393 193 132.144037732
18.4686366822 42.4844758698 194 284.175048312
18.4751192885 42.492093335 195 393.487230239
18.481603474 42.4997104348 196 518.549823876
18.4880892395 42.5073271689 197 517.534518188
18.4945765857 42.5149435373 198 666.036547568
18.5010655133 42.5225595398 199 1017.91336499
18.507556023 42.530175176 200 1025.23500192
18.5140481156 42.5377904459 201 1092.04905557
18.5205417918 42.5454053493 202 1138.79724917
18.5270370523 42.5530198859 203 1222.30323453
18.533533898 42.5606340557 204 1351.90609417
18.5400323294 42.5682478583 205 1731.88352038
18.5465323473 42.5758612937 206 1632.55891035
18.5530339526 42.5834743616 207 1672.92303122
18.5595371458 42.5910870618 208 1482.23410816
18.5660419278 42.5986993942 209 1427.87107526
18.5725482993 42.6063113585 210 1324.00610684
18.579056261 42.6139229546 211 1229.16553308
18.5855658136 42.6215341823 212 1228.17515385
18.5920769579 42.6291450414 213 1273.95748504
18.5985896947 42.6367555317 214 1225.90343286
18.6051040246 42.644365653 215 1055.84791276
18.6116199484 42.6519754052 216 841.829990889
18.6181374668 42.659584788 217 775.370269585
18.6246565806 42.6671938013 218 894.255634095
18.6311772905 42.6748024448 219 872.77787734
18.6376995973 42.6824107184 220 1007.24889093
18.6442235016 42.6900186219 221 1047.19304469
18.6507490043 42.6976261551 222 1011.95630071
18.657276106 42.7052333178 223 980.91070978
18.6638048076 42.7128401098 224 959.092376724
18.6703351097 42.7204465309 225 905.30931468
18.6768670131 42.728052581 226 960.242249426
18.6834005185 42.7356582598 227 939.346980531
18.6899356267 42.7432635672 228 860.225685487
18.6964723384 42.750868503 229 821.403123218
18.7030106544 42.758473067 230 890.98360145
18.7095505753 42.7660772589 231 881.399747995
18.716092102 42.7736810786 232 856.284910275
18.7226352352 42.781284526 233 846.160087449
18.7291799756 42.7888876007 234 855.135545672
18.735726324 42.7964903027 235 862.360648797
18.7422742811 42.8040926317 236 903.05766612
18.7488238477 42.8116945876 237 897.460586769
18.7553750245 42.8192961701 238 906.449771538
18.7619278122 42.8268973791 239 853.424731674
18.7684822116 42.8344982144 240 847.976401127
18.7750382235 42.8420986757 241 932.867282567
18.7815958485 42.849698763 242 1121.93307561
18.7881550875 42.8572984759 243 1190.30464237
18.7947159412 42.8648978143 244 1355.63036384
18.8012784103 42.8724967781 245 1429.17521024
18.8078424956 42.8800953669 246 1114.28085475
18.8144081978 42.8876935807 247 854.038978063
18.8209755177 42.8952914193 248 946.582243535
18.827544456 42.9028888824 249 1060.96323831
18.8341150135 42.9104859698 250 1010.10241238
18.8406871909 42.9180826814 251 1162.70262695
18.847260989 42.925679017 252 1172.03991507
18.8538364085 42.9332749763 253 1292.51999733
18.8604134502 42.9408705592 254 1318.53917496
18.8669921148 42.9484657655 255 1442.08987991
18.8735724031 42.956060595 256 1375.67709539
18.8801543159 42.9636550475 257 1327.72471541
18.8867378538 42.9712491229 258 1155.8801258
18.8933230176 42.9788428208 259 1179.51029959
18.8999098082 42.9864361411 260 1009.40677642
18.9064982262 42.9940290837 261 971.141970485
18.9130882723 43.0016216483 262 1029.67094862
18.9196799475 43.0092138348 263 1165.99154753
18.9262732523 43.0168056429 264 1064.82963474
18.9328681876 43.0243970725 265 838.504732394
18.9394647541 43.0319881233 266 1174.22435631
18.9460629526 43.0395787952 267 1392.32191929
18.9526627838 43.0471690879 268 1630.57767392
18.9592642485 43.0547590014 269 1729.28440105
18.9658673474 43.0623485353 270 1766.62824252
18.9724720813 43.0699376895 271 1817.71771151
18.979078451 43.0775264638 272 1647.18270164
18.9856864571 43.085114858 273 1658.60230707
18.9922961006 43.0927028718 274 1682.03004181
18.9989073821 43.1002905052 275 1981.39301834
19.0055203023 43.1078777579 276 1790.47410676
19.0121348621 43.1154646298 277 1954.18902085
19.0187510622 43.1230511205 278 1949.57096657
19.0253689034 43.13063723 279 1879.37653072
19.0319883864 43.138222958 280 2089.66953443
19.038609512 43.1458083043 281 2016.05241211
19.0452322809 43.1533932687 282 2015.91878587
19.0518566939 43.1609778511 283 2060.9661224
19.0584827518 43.1685620513 284 1969.30002436
19.0651104553 43.176145869 285 1754.98627856
19.0717398053 43.183729304 286 1858.10689155
19.0783708023 43.1913123562 287 1375.65640191
19.0850034473 43.1988950254 288 1136.49951612
19.091637741 43.2064773113 289 1110.20505531
19.0982736841 43.2140592137 290 837.504958587
19.1049112775 43.2216407326 291 811.419639969
19.1115505218 43.2292218676 292 1400.16047316
19.1181914178 43.2368026186 293 1359.25951708
19.1248339664 43.2443829854 294 1188.10183439
19.1314781682 43.2519629677 295 1349.05776381
19.1381240241 43.2595425654 296 1419.86817426
19.1447715347 43.2671217783 297 1327.69715872
19.151420701 43.2747006062 298 1700.90767613
19.1580715235 43.2822790489 299 1646.52260513
19.1647240032 43.2898571061 300 1699.0184194
19.1713781408 43.2974347778 301 1589.72884077
19.1780339369 43.3050120636 302 1314.51636759
19.1846913925 43.3125889635 303 1180.47881548
19.1913505083 43.3201654771 304 1171.19363536
19.198011285 43.3277416043 305 1088.39805915
19.2046737235 43.3353173449 306 1052.34395622
19.2113378244 43.3428926987 307 1032.16923506
19.2180035886 43.3504676656 308 953.758835055
19.2246710168 43.3580422452 309 895.280469624
19.2313401098 43.3656164374 310 874.026731256
19.2380108684 43.373190242 311 723.022186678
19.2446832934 43.3807636588 312 886.140187192
19.2513573854 43.3883366877 313 801.997163043
19.2580331453 43.3959093283 314 866.055197928
19.2647105739 43.4034815805 315 981.248376801
19.271389672 43.4110534442 316 988.437985478
19.2780704402 43.418624919 317 1036.28379775
19.2847528794 43.4261960048 318 1106.99744796
19.2914369904 43.4337667015 319 1159.03093914
19.2981227739 43.4413370087 320 1319.55224993
19.3048102307 43.4489069264 321 1048.15873086
19.3114993617 43.4564764542 322 788.548655311
19.3181901674 43.464045592 323 728.551994567
19.3248826488 43.4716143397 324 794.362554939
19.3315768066 43.4791826969 325 645.561086036
19.3382726416 43.4867506636 326 812.938336209
19.3449701546 43.4943182394 327 732.816485041
19.35 43.5 327.751 684
>  A(19.35 43.50) B(21.74 43.49) 327
19.35 43.5 327 684
19.3623975783 43.5000765787 328 743.371633163
19.3747951878 43.500151818 329 948.604110787
19.387192828 43.5002257179 330 1030.41296727
19.3995904982 43.5002982782 331 1010.72481532
19.4119881979 43.5003694991 332 737.77088265
19.4243859266 43.5004393806 333 581.64104868
19.4367836838 43.5005079225 334 700.909601661
19.4491814688 43.500575125 335 558.620122926
19.4615792811 43.5006409879 336 804.014172023
19.4739771202 43.5007055114 337 881.317764666
19.4863749855 43.5007686953 338 921.697018904
19.4987728765 43.5008305398 339 811.4784646
19.5111707926 43.5008910447 340 998.365114607
19.5235687333 43.5009502101 341 1178.45857007
19.5359666981 43.5010080359 342 1308.52837676
19.5483646862 43.5010645222 343 1140.29284986
19.5607626974 43.501119669 344 998.388988921
19.5731607309 43.5011734762 345 768.065430662
19.5855587862 43.5012259439 346 557.895946908
19.5979568628 43.5012770721 347 479.387984035
19.6103549601 43.5013268606 348 496.48233236
19.6227530776 43.5013753096 349 583.014831244
19.6351512147 43.5014224191 350 699.739361651
19.6475493709 43.5014681889 351 839.845996042
19.6599475456 43.5015126192 352 1039.26545429
19.6723457383 43.5015557099 353 1128.75906028
19.6847439484 43.5015974611 354 999.669128751
19.6971421753 43.5016378726 355 1025.86860916
19.7095404186 43.5016769445 356 1037.86316401
19.7219386777 43.5017146769 357 963.579920471
19.734336952 43.5017510696 358 1085.44714002
19.746735241 43.5017861227 359 1097.60997028
19.7591335441 43.5018198363 360 1034.83385741
19.7715318607 43.5018522102 361 967.635802242
19.7839301904 43.5018832445 362 888.547707284
19.7963285325 43.5019129392 363 929.441530142
19.8087268866 43.5019412943 364 977.760893172
19.8211252521 43.5019683097 365 905.677852401
19.8335236283 43.5019939856 366 1030.23132939
19.8459220149 43.5020183218 367 1041.03252189
19.8583204111 43.5020413184 368 904.976712446
19.8707188165 43.5020629753 369 942.465154619
19.8831172306 43.5020832926 370 1096.43927807
19.8955156527 43.5021022703 371 932.65991722
19.9079140823 43.5021199084 372 1045.66008703
19.920312519 43.5021362068 373 1099.52369249
19.932710962 43.5021511656 374 1118.72029409
19.9451094109 43.5021647847 375 1191.30916754
19.9575078651 43.5021770642 376 1199.69162168
19.9699063241 43.502188004 377 1196.5407663
19.9823047873 43.5021976043 378 1259.43498878
19.9947032541 43.5022058648 379 1361.25209099
20.0071017241 43.5022127857 380 1307.96988305
20.0195001967 43.502218367 381 1361.54688164
20.0318986712 43.5022226086 382 1274.13518872
20.0442971473 43.5022255106 383 1089.84202382
20.0566956242 43.502227073 384 977.406824184
20.0690941015 43.5022272957 385 949.209160981
20.0814925787 43.5022261787 386 844.687054015
20.0938910551 43.5022237221 387 897.906000688
20.1062895302 43.5022199259 388 1018.25240104
20.1186880035 43.50221479 389 1094.68016953
20.1310864744 43.5022083144 390 998.377170878
20.1434849424 43.5022004992 391 794.631878932
20.1558834068 43.5021913444 392 677.478451149
20.1682818673 43.5021808499 393 891.279394629
20.1806803231 43.5021690158 394 839.897291335
20.1930787739 43.5021558421 395 988.487452986
20.2054772189 43.5021413287 396 864.648821747
20.2178756577 43.5021254756 397 764.987566126
20.2302740897 43.502108283 398 700.948485732
20.2426725144 43.5020897507 399 720.747990822
20.2550709312 43.5020698787 400 892.117635819
20.2674693395 43.5020486671 401 925.599789052
20.2798677389 43.5020261159 402 1126.53305764
20.2922661287 43.5020022251 403 1286.85732821
20.3046645085 43.5019769946 404 1145.41187934
20.3170628776 43.5019504246 405 1027.88236321
20.3294612355 43.5019225149 406 906.893958493
20.3418595817 43.5018932655 407 846.157100836
20.3542579155 43.5018626766 408 835.074334243
20.3666562366 43.501830748 409 951.476624796
20.3790545443 43.5017974799 410 969.832944271
20.391452838 43.5017628721 411 949.518745634
20.4038511172 43.5017269247 412 830.047262695
20.4162493814 43.5016896378 413 736.46185542
20.42864763 43.5016510112 414 696.249860364
20.4410458625 43.501611045 415 784.861535622
20.4534440782 43.5015697393 416 975.139538096
20.4658422768 43.5015270939 417 1008.98458437
20.4782404575 43.501483109 418 1165.85410188
20.4906386199 43.5014377845 419 1025.82210641
20.5030367634 43.5013911204 420 742.420966086
20.5154348875 43.5013431168 421 520.156313638
20.5278329916 43.5012937735 422 708.06842976
20.5402310751 43.5012430908 423 756.056361155
20.5526291376 43.5011910684 424 902.137857568
20.5650271784 43.5011377066 425 829.036091575
20.577425197 43.5010830051 426 708.188470774
20.5898231929 43.5010269641 427 747.427583443
20.6022211655 43.5009695836 428 601.534229908
20.6146191142 43.5009108636 429 346.823828357
20.6270170386 43.500850804 430 564.149092052
20.639414938 43.5007894049 431 708.174447066
20.6518128119 43.5007266663 432 695.017145238
20.6642106598 43.5006625882 433 734.751769118
20.6766084811 43.5005971706 434 793.423192958
20.6890062752 43.5005304135 435 685.188416847
20.7014040417 43.5004623168 436 678.106585724
20.7138017799 43.5003928807 437 720.102575708
20.7261994893 43.5003221052 438 654.325362789
20.7385971694 43.5002499901 439 834.932230237
20.7509948196 43.5001765356 440 887.248080297
20.7633924394 43.5001017416 441 958.599565112
20.7757900281 43.5000256082 442 1058.00377
20.7881875854 43.4999481353 443 1241.53124411
20.8005851105 43.499869323 444 1276.38415978
20.812982603 43.4997891713 445 1088.48860515
20.8253800623 43.4997076801 446 1006.41646121
20.8377774878 43.4996248495 447 976.531722452
20.8501748791 43.4995406795 448 786.792634342
20.8625722355 43.4994551701 449 786.515655392
20.8749695566 43.4993683213 450 776.931653474
20.8873668417 43.4992801332 451 661.328273429
20.8997640903 43.4991906056 452 713.453344894
20.9121613018 43.4990997387 453 802.008730945
20.9245584758 43.4990075324 454 865.904079792
20.9369556117 43.4989139868 455 780.820544649
20.9493527088 43.4988191018 456 732.144394695
20.9617497667 43.4987228775 457 664.957281363
20.9741467848 43.4986253138 458 727.267170239
20.9865437626 43.4985264109 459 680.901879475
20.9989406995 43.4984261686 460 668.578583709
21.011337595 43.498324587 461 689.009406705
21.0237344485 43.4982216662 462 566.782971428
21.0361312594 43.498117406 463 578.503059179
21.0485280273 43.4980118066 464 569.431068138
21.0609247515 43.4979048679 465 472.408213511
21.0733214315 43.49779659 466 421.425711214
21.0857180668 43.4976869728 467 395.61247639
21.0981146568 43.4975760164 468 383.06650675
21.110511201 43.4974637208 469 404.446135265
21.1229076988 43.4973500859 470 350.055995172
21.1353041497 43.4972351119 471 326.587388927
21.1477005531 43.4971187987 472 281.311282261
21.1600969084 43.4970011463 473 229.030782962
21.1724932152 43.4968821547 474 221.997943749
21.1848894728 43.4967618239 475 287.856662222
21.1972856808 43.496640154 476 340.937700312
21.2096818385 43.496517145 477 276.581965622
21.2220779454 43.4963927968 478 229.210645871
21.2344740011 43.4962671096 479 278.244037633
21.2468700048 43.4961400832 480 221.792020056
21.2592659561 43.4960117177 481 280.598340852
21.2716618545 43.4958820132 482 249.189592788
21.2840576993 43.4957509696 483 213.72305936
21.29645349 43.4956185869 484 188.027514661
21.3088492261 43.4954848652 485 210.387150389
21.3212449071 43.4953498045 486 225.755980119
21.3336405323 43.4952134047 487 280.456655995
21.3460361012 43.4950756659 488 222.053430644
21.3584316133 43.4949365882 489 301.546600657
21.3708270681 43.4947961714 490 289.409125392
21.3832224649 43.4946544157 491 277.479024475
21.3956178033 43.494511321 492 342.561540447
21.4080130826 43.4943668874 493 308.608879168
21.4204083024 43.4942211149 494 306.327739655
21.4328034621 43.4940740034 495 318.310479444
21.4451985611 43.493925553 496 347.923733073
21.4575935989 43.4937757638 497 301.388934461
21.4699885749 43.4936246357 498 324.195835681
21.4823834886 43.4934721687 499 288.035670115
21.4947783394 43.4933183628 500 256.20518122
21.5071731269 43.4931632181 501 278.834520049
21.5195678504 43.4930067347 502 307.8635884
21.5319625093 43.4928489123 503 308.20214772
21.5443571033 43.4926897513 504 282.562178368
21.5567516316 43.4925292514 505 350.356614864
21.5691460937 43.4923674128 506 314.076121538
21.5815404892 43.4922042354 507 254.09396534
21.5939348174 43.4920397193 508 215.650204395
21.6063290778 43.4918738644 509 256.817433955
21.6187232699 43.4917066709 510 326.790105417
21.631117393 43.4915381387 511 260.314465921
21.6435114467 43.4913682678 512 286.144944261
21.6559054305 43.4911970582 513 282.656052613
21.6682993436 43.49102451 514 202.291001718
21.6806931857 43.4908506232 515 237.856590043
21.6930869562 43.4906753978 516 173.753380583
21.7054806544 43.4904988338 517 168.361845681
21.7178742799 43.4903209312 518 165.283837874
21.7302678322 43.49014169 519 165.803412003
21.74 43.49 519.785 166.54112
>  A(21.74 43.49) B(22.89 43.98) 519
21.74 43.49 519 166.54112
21.7506346255 43.4946212002 520 165.69561357
21.7612708786 43.4992414148 521 204.932918237
21.7719087594 43.5038606432 522 279.037448988
21.7825482681 43.5084788854 523 277.849531119
21.7931894049 43.5130961408 524 262.289397513
21.8038321699 43.5177124093 525 226.963907217
21.8144765633 43.5223276905 526 300.346009809
21.8251225853 43.5269419841 527 339.224437464
21.8357702359 43.5315552898 528 390.997463857
21.8464195155 43.5361676073 529 503.319314929
21.8570704241 43.5407789363 530 656.105108483
21.8677229618 43.5453892765 531 639.905340799
21.878377129 43.5499986275 532 733.046305535
21.8890329257 43.554606989 533 733.817828422
21.8996903521 43.5592143608 534 824.23059006
21.9103494083 43.5638207425 535 730.633974968
21.9210100946 43.5684261338 536 716.957019861
21.931672411 43.5730305344 537 867.571282499
21.9423363578 43.577633944 538 984.289547888
21.953001935 43.5822363623 539 1024.11137977
21.9636691429 43.5868377889 540 1024.43637807
21.9743379817 43.5914382236 541 1083.32141886
21.9850084514 43.5960376661 542 1016.25985109
21.9956805522 43.600636116 543 898.339606906
22.0063542843 43.605233573 544 959.230138145
22.0170296479 43.6098300368 545 734.198328738
22.0277066431 43.6144255071 546 571.316053187
22.0383852701 43.6190199836 547 476.442638639
22.049065529 43.623613466 548 502.932557164
22.05974742 43.628205954 549 554.153897555
22.0704309433 43.6327974472 550 622.644050341
22.0811160989 43.6373879454 551 722.252868405
22.0918028871 43.6419774481 552 627.441183855
22.102491308 43.6465659553 553 631.20257073
22.1131813618 43.6511534664 554 503.883257107
22.1238730487 43.6557399812 555 556.982809493
22.1345663687 43.6603254994 556 434.44037714
22.1452613221 43.6649100206 557 472.101477729
22.1559579089 43.6694935447 558 558.323585399
22.1666561294 43.6740760711 559 809.11500216
22.1773559838 43.6786575997 560 764.022055673
22.1880574721 43.6832381302 561 641.45338872
22.1987605945 43.6878176621 562 502.083545488
22.2094653512 43.6923961953 563 457.673622822
22.2201717423 43.6969737293 564 401.959810772
22.230879768 43.7015502639 565 358.859471564
22.2415894285 43.7061257988 566 319.648522605
22.2523007238 43.7107003336 567 268.329641383
22.2630136542 43.715273868 568 222.098196306
22.2737282198 43.7198464018 569 303.478243947
22.2844444208 43.7244179346 570 254.268790343
22.2951622572 43.7289884661 571 173.572946123
22.3058817293 43.7335579959 572 165.580509747
22.3166028372 43.7381265239 573 216.844737692
22.3273255811 43.7426940496 574 337.04098915
22.3380499611 43.7472605727 575 446.108796703
22.3487759773 43.751826093 576 439.117943069
22.35950363 43.7563906101 577 500.111169836
22.3702329192 43.7609541238 578 385.559487815
22.3809638452 43.7655166336 579 498.349673219
22.391696408 43.7700781393 580 505.509172788
22.4024306078 43.7746386405 581 505.499068809
22.4131664448 43.7791981371 582 460.934039285
22.4239039191 43.7837566285 583 381.700864168
22.4346430309 43.7883141146 584 357.358601036
22.4453837803 43.792870595 585 343.804760005
22.4561261675 43.7974260694 586 337.720653105
22.4668701925 43.8019805375 587 321.296888653
22.4776158557 43.806533999 588 297.552139935
22.488363157 43.8110864535 589 271.424478068
22.4991120967 43.8156379008 590 251.650191168
22.5098626749 43.8201883405 591 246.331516684
22.5206148918 43.8247377724 592 262.713897892
22.5313687475 43.829286196 593 264.992350591
22.5421242421 43.8338336112 594 215.511881287
22.5528813758 43.8383800175 595 203.111737134
22.5636401487 43.8429254146 596 204.348570638
22.574400561 43.8474698024 597 208.79314618
22.5851626129 43.8520131803 598 191.166049936
22.5959263044 43.8565555482 599 177.193772297
22.6066916358 43.8610969057 600 244.701563473
22.6174586071 43.8656372525 601 210.185810147
22.6282272185 43.8701765883 602 247.037036837
22.6389974702 43.8747149127 603 241.519477699
22.6497693623 43.8792522255 604 238.532475019
22.660542895 43.8837885263 605 233.278632429
22.6713180683 43.8883238148 606 228.464860209
22.6820948824 43.8928580908 607 219.271460417
22.6928733376 43.8973913538 608 211.065850555
22.7036534338 43.9019236036 609 227.344387045
22.7144351713 43.9064548399 610 215.916118417
22.7252185503 43.9109850623 611 199.400849752
22.7360035707 43.9155142706 612 192.462454249
22.7467902329 43.9200424644 613 134.090162718
22.7575785368 43.9245696434 614 58.343322787
22.7683684828 43.9290958072 615 49.956999452
22.7791600709 43.9336209557 616 48.2197069435
22.7899533012 43.9381450884 617 56.1688715409
22.8007481739 43.942668205 618 44.4421633349
22.8115446891 43.9471903053 619 32.9294793017
22.8223428471 43.9517113889 620 31.0355960908
22.8331426478 43.9562314555 621 31.1605469764
22.8439440915 43.9607505047 622 29.8979620935
22.8547471783 43.9652685364 623 29.2181381794
22.8655519083 43.96978555 624 34.3322423479
22.8763582817 43.9743015455 625 30.5064015872
22.8871662985 43.9788165223 626 35.0441666263
22.89 43.98 626.262 35.548736
