  0.0000000E+00  -7.726354       7.019845    
   5.000000      -17.81697       7.662752    
   10.00000      -28.32239       6.254800    
   15.00000      -31.95579       5.076870    
   20.00000      -26.40756       5.447759    
   25.00000      -17.65022       9.962042    
   30.00000      -17.68599       9.769746    
   35.00000      -19.97893       9.063018    
   40.00000      -17.88288       14.09027    
   45.00000      -12.90015       18.69548    
   50.00000      -7.474698       18.66622    
   55.00000      -1.622320       16.49428    
   60.00000      -1.016142       11.12389    
   65.00000      -2.188781       8.337116    
   70.00000     -0.4866936       7.809792    
   75.00000      0.1816137       8.213002    
   80.00000      -5.340961       7.081679    
   85.00000      -10.01956       5.847773    
   90.00000      -8.648288       4.269977    
   95.00000      -4.989191       2.841543    
   100.0000      -1.255731       1.587749    
   105.0000      0.6805477       1.745656    
   110.0000       2.884857       2.843773    
   115.0000       1.550788       2.527139    
   120.0000      0.9624792       2.051706    
   125.0000       2.517306       1.831779    
   130.0000       5.185512       2.007672    
   135.0000       7.300952       2.433298    
   140.0000       6.703640       2.416156    
   145.0000       5.612994       3.526940    
   150.0000       6.626973       5.395286    
   155.0000       9.380150       9.167987    
   160.0000       11.36357       12.98503    
   165.0000       12.44782       13.46657    
   170.0000       7.250759       11.20322    
   175.0000       1.154505       6.588034    
   180.0000     -0.6940518       3.805562    
   185.0000      0.7773075       4.276624    
   190.0000     -0.5387704       5.810546    
   195.0000     -0.1470977       5.654503    
   200.0000       1.816323       5.270676    
   205.0000       6.991185       9.075402    
   210.0000       6.368859       6.623232    
   215.0000       2.458472       2.338230    
   220.0000       4.445782       5.430818    
   225.0000       10.82058       6.920560    
   230.0000       11.09992       8.455126    
   235.0000       9.147235       9.112231    
   240.0000       4.577284       7.235431    
   245.0000       1.573405       5.533753    
   250.0000      -5.026136       5.756701    
   255.0000      -9.264320       5.359897    
   260.0000      -8.797706       5.182557    
   265.0000      -3.519637       6.025196    
   270.0000       1.779068       10.45529    
   275.0000       5.250773       14.27216    
   280.0000       5.031557       7.988259    
   285.0000       5.856842       5.310316    
   290.0000       7.177226       5.369238    
   295.0000       3.831039       4.208272    
   300.0000       7.693280       6.093030    
   305.0000       14.65857       8.952598    
   310.0000       20.29881       13.10738    
   315.0000       22.52493       12.01209    
   320.0000       29.84338       10.46552    
   325.0000       32.78996       10.93037    
   330.0000       37.07021       9.440864    
   335.0000       37.94901       8.120111    
   340.0000       37.42651       5.976797    
   345.0000       34.60853       6.963727    
   350.0000       31.67342       8.764790    
   355.0000       24.14210       5.910239    
   360.0000       26.34768       8.673474    
   365.0000       33.54825       11.95524    
   370.0000       37.12512       13.87539    
   375.0000       30.32358       13.94043    
   380.0000       34.28061       11.02800    
   385.0000       32.00925       9.785451    
   390.0000       24.02059       14.25791    
   395.0000       19.80075       14.33466    
   400.0000       22.90689       11.06754    
   405.0000       34.19727       15.00687    
   410.0000       41.84089       17.04852    
   415.0000       47.03111       15.46924    
   420.0000       44.60173       14.27117    
   425.0000       46.47460       11.90234    
   430.0000       42.43778       12.71362    
   435.0000       48.48235       19.20044    
   440.0000       56.01722       20.43131    
445 60.23455 22.46718
450 63.15108 27.79920
455 74.79273 34.52197
460 74.74706 39.64718
465 68.17473 45.60156
470 73.41125 45.68608
475 88.02014 37.91924
480 90.20276 32.44347
485 74.40005 27.18053
490 62.72508 18.01308
495 73.17825 17.72897
500 88.86461 24.85780
505 91.16587 27.57241
510 84.79610 21.12335
515 83.95079 14.37932
520 85.15224 20.23816
525 81.26228 22.05069
530 77.41642 16.33265
535 77.79571 10.78918
540 74.93216 11.11525
545 64.82703 12.96628
550 58.48804 10.99932
555 62.28875 8.490308
560 68.68735 6.296297
565 72.48618 10.17622
570 77.92484 18.98548
575 86.30570 24.08471
580 88.69099 20.71100
585 82.52679 14.27955
590 75.07308 11.00446
595 73.07516 10.47435
600 72.12357 9.658520
605 68.41537 6.754556
610 61.01093 6.213099
615 56.83465 8.526512
620 51.94282 7.763308
625 48.95320 5.218914
630 50.77051 5.070298
635 56.28156 6.479893
640 60.38881 8.199949
645 61.16992 9.843068
650 61.46839 9.422915
655 61.78210 8.809618
660 60.86663 8.950908
665 59.48114 9.922379
670 55.10534 13.82161
675 49.24131 18.03823
680 43.15316 19.64802
685 36.01639 20.64515
690 29.81261 18.65113
695 25.03267 16.16194
700 21.26303 13.58890
705 16.93268 9.558878
710 13.30671 5.433880
715 9.918073 3.607909
720 2.916259 3.368398
725 -8.145823 4.941776
730 -18.58875 6.096519
735 -27.38237 6.437059
740 -35.87491 6.371805
745 -42.84622 5.563093
750 -47.46299 4.523315
755 -49.49329 6.185152
760 -51.09810 9.031005
765 -50.82610 15.21712
770 -49.00467 21.95228
775 -46.27712 24.49684
780 -46.28582 24.48438
785 -44.81787 22.71370
790 -42.03010 20.77840
795 -38.38734 18.00302
800 -35.43601 17.82804
805 -35.10750 16.11931
810 -28.26282 20.63050
815 -5.538091 25.20668
820 17.63463 14.81929
825 22.62815 9.835025
830 21.09704 12.21789
835 19.93774 18.23880
840 23.43086 18.70837
845 26.46221 17.25197
850 20.94566 14.51714
855 10.53123 9.799893
860 11.25736 15.55793
865 30.85620 17.59534
870 39.23658 12.54671
875 34.38871 11.81524
880 31.91444 15.36003
885 42.36770 18.79783
890 52.88990 13.96881
895 53.47625 19.78589
900 58.72984 29.10216
905 71.72111 30.46161
910 86.29202 36.64059
915 72.16066 27.68445
920 59.68227 14.99102
925 66.79374 20.89550
930 77.82037 24.83315
935 68.05257 18.48572
940 52.42171 9.735927
945 55.29874 17.41302
950 73.50140 13.52685
955 73.08001 15.93435
960 53.59101 19.84694
965 50.94197 28.95204
970 48.94728 23.57618
975 48.31998 13.44132
980 41.97282 26.08421
985 51.43280 22.05458
990 64.27628 12.35796
995 70.43809 15.52331
1000 65.45152 12.94021
1005 61.75035 15.61933
1010 59.93818 22.13801
1015 57.46412 23.60802
1020 45.11945 20.74876
1025 40.17726 23.27646
1030 51.11452 21.44474
1035 64.90529 16.36404
1040 71.55510 14.23283
1045 67.63428 16.05861
1050 50.23582 19.54549
1055 30.74811 17.50394
1060 20.75902 13.75355
1065 30.71279 19.96548
1070 53.81164 36.23971
1075 69.11428 47.93949
1080 60.21369 41.17513
1085 41.40242 20.46834
1090 30.28899 11.67291
1095 27.19875 15.81291
1100 30.89078 23.38872
1105 33.47945 19.69589
1110 30.45546 17.27544
1115 27.13407 24.17529
1120 30.43791 29.91982
1125 29.80244 26.98442
1130 27.67205 21.69388
1135 24.66095 20.48010
1140 23.74923 18.99265
1145 21.66240 16.85304
