  0.0000000E+00  -847.9753       228.2740    
   5.000000      -1155.010       288.6100    
   10.00000      -1426.995       218.0598    
   15.00000      -1585.131       85.67033    
   20.00000      -1654.344       80.83965    
   25.00000      -1617.973       207.2892    
   30.00000      -1856.846       220.5610    
   35.00000      -2041.521       140.1595    
   40.00000      -2089.815       149.8339    
   45.00000      -2157.299       261.5923    
   50.00000      -2174.812       345.7661    
   55.00000      -2143.435       412.1620    
   60.00000      -2265.839       348.7953    
   65.00000      -2347.659       275.7328    
   70.00000      -2346.756       265.8950    
   75.00000      -2363.259       255.3586    
   80.00000      -2583.436       161.1711    
   85.00000      -2692.519       62.25668    
   90.00000      -2727.252       60.08432    
   95.00000      -2750.677       52.58330    
   100.0000      -2790.526       47.91505    
   105.0000      -2836.849       34.05931    
   110.0000      -2847.788       44.67650    
   115.0000      -2877.380       35.51550    
   120.0000      -2907.767       49.20783    
   125.0000      -2898.369       36.46148    
   130.0000      -2896.757       51.76193    
   135.0000      -2897.049       89.74166    
   140.0000      -2928.052       181.6809    
   145.0000      -2988.355       233.1116    
   150.0000      -2994.788       274.6394    
   155.0000      -2910.032       406.5966    
   160.0000      -2919.200       451.3134    
   165.0000      -2868.146       480.5278    
   170.0000      -3082.935       412.3837    
   175.0000      -3362.653       208.7369    
   180.0000      -3392.548       128.5675    
   185.0000      -3358.542       110.0219    
   190.0000      -3458.728       89.74371    
   195.0000      -3514.323       110.5339    
   200.0000      -3517.842       102.3477    
   205.0000      -3358.696       306.9398    
   210.0000      -3513.433       183.4492    
   215.0000      -3597.577       52.68545    
   220.0000      -3568.155       76.54504    
   225.0000      -3437.781       157.3935    
   230.0000      -3520.512       111.3440    
   235.0000      -3511.117       209.9974    
   240.0000      -3527.665       189.0850    
   245.0000      -3587.044       27.33241    
   250.0000      -3596.516       19.74111    
   255.0000      -3598.460       19.21056    
   260.0000      -3586.377       26.09347    
   265.0000      -3492.418       190.9445    
   270.0000      -3309.533       287.9367    
   275.0000      -3006.618       338.6284    
   280.0000      -2972.600       242.4576    
   285.0000      -2747.199       344.3195    
   290.0000      -2671.239       307.5067    
   295.0000      -2655.281       197.6426    
   300.0000      -2537.432       220.2168    
   305.0000      -2280.433       317.8468    
   310.0000      -2054.544       335.9433    
   315.0000      -1969.410       329.5255    
   320.0000      -1765.189       373.3727    
   325.0000      -1643.590       370.4542    
   330.0000      -1484.542       301.8453    
   335.0000      -1353.551       244.0798    
   340.0000      -1309.341       299.9201    
   345.0000      -1282.040       292.8807    
   350.0000      -1333.366       359.7556    
   355.0000      -1366.799       324.4204    
   360.0000      -1270.990       195.9721    
   365.0000      -1067.433       153.5153    
   370.0000      -972.4354       278.0948    
   375.0000      -973.7724       332.0026    
   380.0000      -909.6912       320.8952    
   385.0000      -845.9135       196.4570    
   390.0000      -865.9770       161.0358    
   395.0000      -870.2735       142.6184    
   400.0000      -735.9133       155.8264    
   405.0000      -448.6771       179.0088    
   410.0000      -294.7609       130.7670    
   415.0000      -214.3764       91.23219    
   420.0000      -181.2140       92.28463    
   425.0000      -149.3245       84.00922    
   430.0000      -104.2899       63.18070    
   435.0000      -64.09102       97.84752    
   440.0000      -11.40785       116.7524    
445 118.8767 187.8853
450 155.5956 178.9888
455 309.9686 321.6575
460 470.3297 369.5768
465 366.1450 371.4744
470 369.5396 349.5367
475 600.6324 416.8310
480 762.8524 422.4933
485 550.7374 324.6360
490 448.2638 251.2872
495 663.8680 281.1414
500 791.6171 289.1031
505 785.7092 197.5085
510 713.2410 225.9424
515 830.4088 232.2288
520 745.0582 190.8898
525 693.7259 201.2654
530 678.0163 179.3206
535 639.7457 161.8614
540 561.9187 122.9717
545 392.9536 113.3276
550 360.7273 121.3155
555 339.6083 106.5943
560 301.7303 95.42998
565 264.3319 97.94700
570 306.1161 170.0447
575 347.4897 216.3679
580 302.8228 193.2276
585 234.3558 149.7829
590 176.0965 125.5894
595 122.8548 107.8934
600 78.29387 83.06272
605 28.33801 49.98152
610 -4.784023 22.70968
615 -27.60333 7.708649
620 -43.90457 10.90445
625 -57.68040 15.80222
630 -70.60987 20.82771
635 -79.32969 19.98223
640 -87.84402 18.30662
645 -97.64938 14.56674
650 -104.0332 13.71062
655 -111.1796 14.00553
660 -120.4594 17.57165
665 -139.6762 37.57689
670 -216.5996 104.5941
675 -319.2346 154.3518
680 -431.7480 201.3369
685 -553.2676 226.5490
690 -644.9875 217.5353
695 -691.0657 225.3669
700 -741.9790 219.7245
705 -796.4521 190.5239
710 -837.8730 156.8503
715 -876.2495 129.8967
720 -949.7515 72.07961
725 -1009.347 54.10514
730 -1055.785 56.63177
735 -1097.381 74.98085
740 -1122.485 78.20143
745 -1136.522 84.45277
750 -1135.632 93.73904
755 -1109.507 122.2749
760 -1070.911 169.7320
765 -1001.771 233.1377
770 -899.4285 309.8259
775 -771.1457 356.6312
780 -655.3387 362.4045
785 -544.5695 329.4318
790 -418.2909 266.6837
795 -292.6512 177.3416
800 -202.0069 83.75224
805 -153.5871 54.00899
810 -103.4597 62.44702
815 -43.71257 124.3991
820 224.0964 269.5549
825 445.0927 194.0560
830 428.0351 195.1991
835 617.8206 278.4435
840 706.6992 213.4436
845 727.4518 196.9811
850 793.1121 255.9955
855 789.0029 175.2464
860 793.6276 186.8185
865 971.9383 140.7512
870 1101.407 138.8356
875 1247.110 193.4816
880 1058.944 157.9362
885 1170.410 212.8345
890 1377.629 199.0798
895 1247.284 246.0496
900 1375.484 387.2589
905 1461.004 354.2492
910 1503.088 381.5442
915 1336.294 389.9644
920 1201.571 318.9567
925 1251.191 260.8901
930 1270.807 377.6065
935 1075.027 216.2231
940 943.2432 118.8094
945 993.4111 166.7921
950 1085.427 163.1349
955 1052.021 219.7967
960 977.2711 220.4055
965 882.0566 281.6178
970 924.4208 251.4184
975 897.8205 197.5372
980 845.5244 215.1762
985 919.0300 162.9669
990 1048.810 177.8073
995 1075.895 186.2309
1000 1007.641 201.4512
1005 992.2875 190.4161
1010 1031.839 235.7311
1015 915.1305 287.7336
1020 828.0493 291.1754
1025 838.9550 255.2816
1030 905.3950 361.1227
1035 1007.056 325.7065
1040 1007.107 269.4417
1045 1015.500 316.6519
1050 805.4768 301.3408
1055 628.0036 249.4123
1060 545.6334 221.2177
1065 625.9134 269.9480
1070 814.2700 374.8215
1075 902.7409 502.9854
1080 817.7172 431.9222
1085 693.4985 296.0451
1090 540.4860 205.9126
1095 402.6069 174.7362
1100 341.3666 169.7115
1105 335.0706 164.5128
1110 326.2546 141.6192
1115 344.4177 187.6184
1120 395.3312 246.3261
1125 496.2310 305.0076
1130 448.3432 272.7587
1135 374.0098 172.3167
1140 379.1624 186.0333
1145 341.8714 150.2847
