0 7.75046920776 0.0587387216696
0.0803057 -9.16378116608 0.141448309121
0.331186 7.38603687286 0.38128915407
0.411491 -7.82306671143 0.465382283198
0.652408 7.54481458664 0.703838828462
0.983593 6.90815448761 1.02638803842
1.30482 5.43370437622 1.34893697065
1.636 2.82919120789 1.67148584582
1.95731 -1.30946469307 1.99403488887
2.21824 -8.49988269806 2.24916632195
2.28849 -7.01722431183 2.31658432017
2.53946 -7.35092735291 2.57033676504
2.60972 -10.8205423355 2.63913434637
2.87056 -7.03340339661 2.89150606527
2.9409 -12.2672662735 2.96168518462
3.19178 -6.28845262527 3.21267443845
3.26213 -10.6324977875 3.28423706152
3.513 -5.14731359482 3.53384209723
3.59331 -4.27526903152 3.60679018889
3.84419 -5.20480394363 3.85500926181
4.16541 -6.52121019363 4.17617614618
4.4966 -9.03017997742 4.49734296643
4.81782 -11.3411798477 4.81850993344
5.0888 -22.0669059753 5.08479029554
5.13896 -13.6412620544 5.13967727032
5.40993 -20.6127128601 5.40457864218
5.47014 -15.2665328979 5.46084518817
5.73116 -19.0923175812 5.72436583721
5.79137 -15.6140604019 5.78201390659
6.06234 -17.540435791 6.04415209398
6.11259 -14.4169282913 6.10318363811
6.38348 -15.9082183838 6.36393762619
6.44369 -8.7733745575 6.4243545998
6.7047 -15.5261459351 6.68372265119
7.02584 -16.2077541351 7.00350738141
7.34706 -18.1002540588 7.32329203404
7.67825 -19.0000152588 7.64307682124
7.95927 -32.8648796082 7.92050658991
7.99938 -19.0016059875 7.96286196014
8.28041 -31.3140525818 8.23891273431
8.32061 -19.2870559692 8.28264766484
8.60155 -29.2224559784 8.5573177144
8.64174 -19.2333221436 8.6024341496
8.92277 -27.0680656433 8.87572174511
8.97293 -18.7553577423 8.92222162981
9.24391 -24.8207645416 9.19412504295
9.29406 -14.5843133926 9.24201032275
9.56513 -23.5712165833 9.51252781966
9.88626 -23.7623443604 9.83093029073
10.2074 -24.7265872955 10.1493326691
10.5386 -24.5281238556 10.4677351679
10.8296 -38.6311912537 10.756314815
10.8597 -23.107427597 10.7861380026
11.1508 -36.9003677368 11.0733386459
11.1809 -22.7240352631 11.1045413865
11.4719 -34.5507774353 11.3903613037
11.5021 -22.9746437073 11.4229455331
11.7831 -31.9026813507 11.7073830031
11.8232 -23.8779621124 11.7413506568
12.1042 -29.1353168488 12.0244039589
12.1444 -22.0957202911 12.0597569731
12.4254 -27.3772583008 12.3414243818
12.7465 -27.1388664246 12.6584444842
13.0677 -27.5855712891 12.9754644823
13.3889 -26.9594688416 13.2924845849
13.6999 -39.3934135437 13.5922145762
13.71 -25.3085098267 13.6095050084
14.0111 -37.7621536255 13.9078559865
14.0312 -24.8119316101 13.9265259663
14.3322 -35.2425613403 14.2234962154
14.3523 -25.6045570374 14.243547668
14.6533 -32.2943572998 14.5391354759
14.6734 -27.4185504913 14.560570329
14.9745 -28.8496494293 14.8547739827
14.9946 -27.7235946655 14.8775941635
15.2956 -26.6878852844 15.1704119435
15.6068 -26.4837589264 15.4860495729
15.9279 -27.3949699402 15.8016870835
16.249 -26.9700737 16.1173246851
16.5601 -35.6730003357 16.4282054937
16.5701 -25.1409873962 16.4329625916
16.8813 -33.9279022217 16.7424643774
16.8912 -24.999256134 16.7486010161
17.2023 -31.3930454254 17.0567220701
17.2124 -26.3326644897 17.0642401678
17.5135 -28.2456207275 17.3709787854
17.5235 -29.4248332977 17.3798802608
17.8346 -24.0551700592 17.6852347357
17.8447 -31.3584098816 17.6955215073
18.1557 -21.8739719391 17.9994901292
18.4669 -21.830242157 18.3137451786
18.788 -23.7730922699 18.6280000965
19.109 -24.2579936981 18.9422550903
19.4302 -23.353761673 19.256510375
19.4303 -30.9139080048 19.2642871605
19.7414 -24.0755710602 19.5707661604
19.7513 -29.6527423859 19.5771634098
20.0624 -25.8937492371 19.8850226576
20.0625 -27.0789890289 19.8900384608
20.3835 -29.3935489655 20.1992800768
20.3835 -23.3552589417 20.2029125246
20.6946 -32.3033027649 20.5135386316
20.6946 -17.930814743 20.5157858122
21.0158 -15.3394346237 20.8286585327
21.3368 -15.9158563614 21.1415308967
21.648 -19.336473465 21.4544031156
21.969 -21.2059345245 21.7672753973
22.2802 -21.71925354 22.0801479543
22.3002 -25.6379108429 22.1004591938
22.6013 -23.4642448425 22.3930209965
22.6214 -24.9265003204 22.4119527029
22.9124 -25.900220871 22.7058947332
22.9325 -21.6389446259 22.7234450053
23.2335 -29.432559967 23.0187693747
23.2435 -16.8263378143 23.0349363116
23.5446 -31.5578632355 23.3316451332
23.5646 -10.3635702133 23.346426832
23.8757 -8.06636714935 23.6579167737
24.1968 -8.57511425018 23.9694063467
24.5079 -13.3402748108 24.2808957622
24.819 -17.1968898773 24.5923852263
25.1401 -20.1939315796 24.9038749509
25.4511 -23.5267314911 25.2153651455
25.4813 -20.4140129089 25.2468318739
25.7722 -26.5110969543 25.5268560174
25.8023 -17.6639099121 25.5569413226
26.0834 -29.521490097 25.8383477775
26.1134 -12.8548498154 25.8670497658
26.3945 -28.9992141724 26.1498406355
26.4245 -6.83198404312 26.177157413
26.7356 -4.47967815399 26.4872644712
27.0567 -5.53322029114 26.7973711487
27.3677 -10.631980896 27.1074776555
27.6788 -15.8651437759 27.417584198
27.9899 -20.6969089508 27.7276909861
28.311 -24.9465885162 28.0377982287
28.3511 -16.817281723 28.0818005141
28.622 -27.7927684784 28.3479061328
28.6622 -15.5047969818 28.390527004
28.9331 -28.6044845581 28.6580149067
28.9733 -11.9572944641 28.6992524795
29.2442 -23.9383277893 28.9681247614
29.2844 -5.99091625214 29.0079771494
29.6053 -4.2705411911 29.316701219
29.9164 -5.5272026062 29.625424897
30.2275 -11.4811143875 29.9341483912
30.5385 -17.2198295593 30.2428719082
30.8496 -22.9767627716 30.5515956558
31.1607 -27.3799610138 30.8603198432
31.2209 -13.2366838455 30.9168582414
31.4717 -29.179353714 31.1690446751
31.5319 -14.9544801712 31.2242016679
31.7828 -27.9215736389 31.4777703605
31.843 -13.8937482834 31.5315440716
32.0939 -18.1585273743 31.7864971078
32.154 -9.50364017487 31.8388856597
32.4651 -8.28348445892 32.1462266368
32.7761 -10.1176023483 32.4535672111
33.0872 -15.5672922134 32.7609075891
33.3982 -20.9921798706 33.0682479768
33.7093 -27.1303520203 33.375588581
34.0203 -30.5831222534 33.6829296092
34.0905 -7.63561201096 33.752004673
34.3313 -30.8416805267 33.9902712664
34.3916 -13.0156764984 34.0579649322
34.6424 -26.8448219299 34.29761376
34.7026 -14.9920558929 34.3639241595
34.9534 -11.1469287872 34.6049572978
35.0137 -13.2759199142 34.6698825621
35.3247 -13.3618707657 34.9758403431
35.6357 -15.1213855743 35.2817977101
35.9467 -19.1977100372 35.5877548691
36.2478 -23.9533729553 35.8937120243
36.5588 -30.062335968 36.1996693817
36.8698 -32.2956809998 36.5056271484
36.9501 0.00636466080323 36.5872394004
37.1808 -30.0471992493 36.8115855285
37.2611 -9.89210510254 36.8918163881
37.4919 -22.3244380951 37.1175447281
37.5721 -15.6961965561 37.1963923359
37.8029 -1.88636827469 37.423504954
37.8732 -17.4598712921 37.5009674496
38.1842 -18.5876655579 37.8055419319
38.4952 -20.6542224884 38.1101159885
38.7962 -23.0818023682 38.4146898253
39.1072 -26.8040313721 38.7192636452
39.4182 -31.9708099365 39.0238376539
39.7192 -32.2041740417 39.3284120569
39.8196 5.50929498672 39.4225620405
40.0303 -26.9628276825 39.6329870575
40.1306 -6.53484344482 39.7257556539
40.3413 -14.1918296814 39.9375628608
40.4316 -14.7410907745 40.0289482189
40.6523 10.1606655121 40.2421396733
40.7426 -18.8059406281 40.3321399407
41.0437 -20.979467392 40.6353310213
41.3546 -22.9473133087 40.9385216652
41.6556 -24.698600769 41.2417120775
41.9666 -27.6603279114 41.54490246
42.2677 -31.2865142822 41.8480930175
42.5786 -29.7918167114 42.1512839548
42.689 9.4008398056 42.2579722102
42.8796 -21.8498287201 42.4544754744
42.99 -4.29686927795 42.5597823462
43.1906 -5.60264253616 42.7576677803
43.3009 -13.357755661 42.861591426
43.5016 20.1211280823 43.0608610775
43.602 -18.0420360565 43.1633996536
43.903 -20.5277252197 43.46520723
44.2139 -22.467420578 43.7670143592
44.515 -23.2982463837 44.0688212449
44.8259 -25.4657173157 44.3706280883
45.1269 -29.0461597443 44.6724350932
45.428 -26.0150051117 44.9742424638
45.5483 10.5139856339 45.0934695008
45.7389 -16.5285949707 45.2760504006
45.8593 -2.31741476059 45.3938960568
46.0399 0.905593812466 45.5778591081
46.1602 -10.49223423 45.6943215493
46.3508 24.7034931183 45.8796687897
46.4612 -14.5639743805 45.9947461807
46.7622 -17.3109455109 46.2951701512
47.0732 -18.8730335236 46.5955936637
47.3742 -19.6833076477 46.8960169215
47.6752 -21.3458461761 47.1964401246
47.9861 -24.4337806702 47.4968634758
48.2871 -20.4323825836 47.7972871783
48.4175 9.39129638672 47.9290535286
48.5881 -9.86728954315 48.0977114321
48.7185 -1.31347870827 48.2280964033
48.889 8.20078849792 48.3981364403
49.0195 -8.19419956207 48.5271382063
49.2 27.4343852997 48.6985624056
49.3205 -11.6052370071 48.8261791398
49.501 49.9854698181 48.9989895285
49.6314 -14.220284462 49.125219403
49.9323 -16.0238037109 49.4242591979
50.2333 -17.4067802429 49.7232987269
50.5343 -18.39320755 50.0223381886
50.8352 -19.5462760925 50.3213777853
51.1363 -14.4522666931 50.6204177193
51.2866 6.1402888298 50.7647239102
51.4372 -4.05904197693 50.9194581894
51.5876 -1.25522315502 51.0623830016
51.7481 12.5080881119 51.2184993984
51.8886 -6.34437322617 51.3600410143
52.0491 26.7467346191 51.5175415474
52.1895 -9.15046310425 51.657698149
52.35 40.4158325195 51.8165848365
52.4905 -11.8292989731 51.955354604
52.7914 -14.0046062469 52.2530105803
53.0924 -16.1999168396 52.5506662795
53.3933 -16.2697505951 52.8483218996
53.6943 -14.2581958771 53.1459776418
53.9953 -8.20220851898 53.4436337073
54.1457 3.92147278786 53.6004802359
54.2961 1.30923163891 53.741290294
54.4467 -1.25449669361 53.8967554435
54.5971 13.8570747375 54.0389476037
54.7477 -5.21584272385 54.193029565
54.898 22.2784023285 54.3366058371
55.0485 -7.81812381744 54.4893027997
55.199 26.6763248444 54.6342651925
55.3495 -10.4357843399 54.7855753462
55.6504 -12.8210668564 55.081847404
55.9513 -14.7340450287 55.3781191733
56.2423 -13.5993080139 55.6743908517
56.5433 -9.13229656219 55.9706626395
56.8441 -2.47392177582 56.2669347369
57.0147 3.16948080063 56.4363221226
57.1451 5.47876739502 56.5632073409
57.3157 -1.35257828236 56.7312133457
57.4461 13.3393287659 56.8594806521
57.6165 -4.7403049469 57.0261034752
57.7469 16.8899650574 57.1557548705
57.9075 -6.94725084305 57.3209927105
58.0479 15.5598859787 57.4520301938
58.2084 -9.51132202148 57.6158812481
58.5094 -11.791809082 57.9107692873
58.8003 -13.7978544235 58.2056570271
59.1012 -11.3956127167 58.5005446646
59.4021 -4.46499204636 58.7954323985
59.703 2.40601158142 59.0903204283
59.8836 3.48193359375 59.272249186
59.994 8.53752803802 59.3852089507
60.1745 -1.26071608067 59.5657563244
60.2949 12.9065437317 59.6800981645
60.4754 -4.82203245163 59.8592623622
60.5928 12.7575597763 59.9749882694
60.7724 -7.10072469711 60.152767498
60.8907 7.74357557297 60.2698794619
61.0683 -9.16451835632 60.4462719272
61.3651 -11.190495491 60.7397758483
61.662 -12.7657327652 61.0332794597
61.958 -9.13734722137 61.3267829567
62.2549 -0.000922250852454 61.6202865381
62.5518 6.34575653076 61.9137904018
62.7474 2.39664173126 62.1082610165
62.8477 10.4888153076 62.2072947437
63.0433 -2.69747257233 62.4003839705
63.1447 10.9127178192 62.5007997618
63.3382 -5.94055461884 62.6925058173
63.4405 8.8130903244 62.794305655
63.6331 -7.28257703781 62.9846267541
63.7374 3.54769539833 63.0878126185
63.928 -8.26003265381 63.2767469759
64.2239 -9.19548988342 63.56886668
64.5188 -9.72621631622 63.8609860639
64.8137 -5.6645693779 64.1531053222
65.1086 3.3257496357 64.4452246523
65.4045 8.45717430115 64.7373442516
65.6131 -0.25938847661 64.9443572296
65.6994 10.5670852661 65.0294643149
65.907 -5.75499677658 65.2350959
65.9943 8.27101898193 65.3215850396
66.2009 -8.12930965424 65.5258334567
66.2892 5.63930654526 65.6137066233
66.4948 -7.51621389389 65.8165700961
66.5851 2.12450623512 65.9058292604
66.7877 -6.75242137909 66.1073060117
67.0816 -5.72416114807 66.3980414005
67.3754 -4.49401092529 66.6887764584
67.6693 -0.720470011234 66.9795113795
67.9632 5.68705224991 67.2702463606
68.2571 8.6613368988 67.5609815977
68.4788 -3.09415817261 67.7805374412
68.55 8.72570037842 67.8517172848
68.7707 -8.55067825317 68.0698917296
68.8438 4.99575567245 68.1424536184
69.0635 -10.0928287506 68.3592448974
69.1377 3.16025400162 68.4331907952
69.3554 -8.1945104599 68.6485971407
69.4316 3.1473326683 68.7239290086
69.6473 -5.71827125549 68.937948652
69.9401 -3.16893267632 69.2272996271
70.232 -0.766296923161 69.5166502615
70.5249 2.42527747154 69.8060007479
70.8168 6.10111856461 70.0953512823
71.1096 7.24226760864 70.3847020596
71.4015 5.99513196945 70.6740532733
71.6342 -11.8390684128 70.904771049
71.6934 2.73725056648 70.9634051189
71.925 -12.579369545 71.1927397303
71.9862 1.86784017086 71.2527577915
72.2159 -8.98340702057 71.4807074795
72.2781 3.90789151192 71.5421114846
72.5068 -5.23001432419 71.7686744886
72.7977 -1.54381453991 72.0566409525
73.0885 1.34102141857 72.3446070656
73.3793 3.69895792007 72.6325730203
73.6712 5.50582313538 72.9205390106
73.9621 5.07145547867 73.2085052316
74.2529 3.30164694786 73.4964718752
74.4986 -14.6947107315 73.7397334747
74.5438 0.0423806384206 73.7844391358
74.7875 -14.8339128494 74.0263175714
74.8346 0.172313481569 74.0724072084
75.0774 -10.2112579346 74.3129007292
75.1254 3.77344560623 74.3603762849
75.3662 -5.7472243309 74.5994831388
75.656 -1.40598630905 74.8860649944
75.9459 2.07502603531 75.1726464895
76.2347 3.51235103607 75.459227815
76.5246 2.88391590118 75.7458091649
76.8134 1.72698926926 76.0323907328
77.1033 0.0742981508374 76.3189727098
77.362 -16.1062831879 76.5747786221
77.3931 -1.67724955082 76.6055552896
77.6499 -16.1887779236 76.8599780371
77.6819 -0.738897144794 76.8921386659
77.9377 -11.7827072144 77.1451765062
77.9718 2.96502542496 77.1787230298
78.2256 -7.3893828392 77.4303742197
78.5134 -2.98324894905 77.71557137
78.8022 0.710780918598 78.0007681504
79.0901 1.58913767338 78.2859647508
79.3778 -0.395603060722 78.571161364
79.6657 -1.72698199749 78.8563581828
79.9535 -2.50338077545 79.1415553973
80.2253 -16.0724754333 79.4099060812
80.2423 -2.35164761543 79.4267532006
80.5112 -16.7065372467 79.6937207179
80.5302 -0.936318457127 79.7119517851
80.7979 -13.6903209686 79.9775344018
80.818 1.84497666359 79.9971513411
81.0848 -9.88501262665 80.2613473225
81.3716 -6.22752904892 80.5451596716
81.6585 -3.01095032692 80.8289716412
81.9442 -2.41532301903 81.1127834204
82.2311 -4.42553186417 81.3965952011
82.5179 -5.01269626617 81.6804071753
82.8047 -4.45549869537 81.9642195319
83.0885 -15.720492363 82.2451154675
83.0915 -2.02131962776 82.2480324631
83.3734 -16.7146720886 82.5275452295
83.3774 -0.339741528034 82.5318461607
83.6581 -14.6935119629 82.8099740322
83.6642 0.569594085217 82.8156608139
83.944 -11.6197566986 83.0924020642
84.2287 -8.54851341248 83.3748295161
84.5146 -6.03200340271 83.6572565793
84.7994 -5.71791553497 83.9396834418
85.0842 -7.31804656982 84.2221102947
85.37 -7.40110063553 84.5045373289
85.6548 -5.71761226654 84.7869647329
85.9396 -2.37102174759 85.0693926973
85.9516 -15.3628501892 85.0804063967
86.2254 -0.587034642696 85.3518214132
86.2355 -16.5603313446 85.3614511879
86.5102 -0.800998866558 85.6342510691
86.5183 -14.7749977112 85.6424950137
86.802 -12.2351036072 85.9235380612
87.0859 -9.76678276062 86.204580521
87.3697 -7.54137086868 86.4856225823
87.6534 -7.47327423096 86.7666644333
87.9373 -9.58156490326 87.0477062635
88.2211 -9.24001502991 87.3287482632
88.5048 -6.91948080063 87.6097906197
88.7886 -2.29733419418 87.8908335229
88.8137 -14.660815239 87.915778458
89.0725 -0.605566084385 88.1718771632
89.0965 -15.7296600342 88.1954381833
89.3562 -1.82607018948 88.4529217276
89.3793 -13.702041626 88.4750969367
89.6611 -11.4465236664 88.7547549051
89.9439 -9.45879840851 89.0344122772
90.2256 -7.91727638245 89.3140692424
90.5084 -8.07144069672 89.593725987
90.7902 -10.2201013565 89.8733827003
91.073 -9.70496845245 90.1530395711
91.3557 -7.27334499359 90.4326967861
91.6375 -2.37152767181 90.7123545343
91.6766 -12.8539705276 90.7512312666
91.9204 -0.961012601852 90.9920130049
91.9574 -13.6782522202 91.0295058309
92.2022 -2.75362181664 91.2716723843
92.2392 -11.467376709 91.3077794175
92.52 -9.36997795105 91.5860522119
92.8008 -7.83708000183 91.8643244023
93.0815 -7.03970575333 92.1425961768
93.3623 -7.29753112793 92.4208677209
93.6431 -8.91191387177 92.6991392231
93.9249 -8.21509456635 92.9774108712
94.2057 -5.95100831985 93.2556828512
94.4864 -1.58481681347 93.5339553509
94.5395 -9.88784122467 93.5867644377
94.7672 -0.642714440823 93.8122285585
94.8193 -10.3144645691 93.8636537467
95.0479 -2.86391305923 94.0905026598
95.0981 -8.03361129761 94.1405420718
95.3779 -6.23775434494 94.4174295981
95.6576 -4.92689561844 94.6943165127
95.9374 -4.74811506271 94.9712030026
96.2172 -4.98572683334 95.2480892528
96.4959 -5.66133356094 95.5249754504
96.7757 -4.91702699661 95.8018617825
97.0554 -2.90749764442 96.0787484341
97.3351 0.0882957428694 96.3556355922
97.4023 -6.64262628555 96.4223775603
97.6139 0.321672379971 96.6325234439
97.6801 -6.73614883423 96.6978815199
97.8937 -2.16810846329 96.9094121745
97.9578 -4.83798885345 96.97338449
98.1734 -4.79027462006 97.1863019705
98.2366 -3.3146109581 97.2488866544
98.5143 -2.48188400269 97.5243881995
98.7921 -2.59189915657 97.7998893117
99.0708 -2.63462877274 98.0753901745
99.3486 -2.36253404617 98.3508909744
99.6263 -1.33068668842 98.6263918977
99.9051 0.31218546629 98.9018931281
100.183 1.98793101311 99.1773948521
100.264 -3.76606178284 99.2580702495
100.461 1.6193459034 99.4528972557
100.541 -3.60408115387 99.532188766
100.739 -0.827998280525 99.7284005229
100.818 -1.6827878952 99.8063062874
101.017 -3.55848526955 100.00390484
101.094 -0.647899985313 100.080422997
101.371 -0.298330068588 100.354539079
101.648 -0.923002839088 100.628654721
101.925 -0.670377850533 100.902770104
102.201 0.485250294209 101.176885413
102.478 1.85271549225 101.451000835
102.755 3.22525930405 101.725116552
103.031 4.26704454422 101.99923275
103.127 -0.668704986572 102.09384212
103.308 3.43654155731 102.273349613
103.401 -0.386471450329 102.3665751
103.585 0.694531083107 102.547467325
103.677 0.822780609131 102.63930708
103.862 -2.03736114502 102.821586072
103.953 1.22929942608 102.912038241
104.228 1.00703620911 103.184768769
104.503 0.0164849739522 103.457498847
104.778 0.612713098526 103.730228657
105.054 2.75193214417 104.002958384
105.329 4.27488899231 104.275688213
105.604 5.66852283478 104.548418325
105.879 6.12779998779 104.821148904
105.989 1.33922374249 104.92969276
106.155 5.08374023438 105.093880136
106.263 1.61944794655 105.201040111
106.429 2.46366930008 105.366612202
106.537 2.24155712128 105.472386457
106.705 -0.289151638746 105.639345286
106.81 2.17151689529 105.743731978
107.084 1.58591139317 106.015076859
107.358 0.4522831738 106.286421281
107.632 1.03381192684 106.557765427
107.905 3.28261733055 106.82910948
108.179 4.76362133026 107.100453624
108.454 6.00894355774 107.371798039
108.727 6.20363616943 107.643142909
108.851 2.31619262695 107.765621784
109.001 5.27916193008 107.914488418
109.123 2.47051739693 108.035583415
109.275 3.17903184891 108.185834747
109.395 2.62138724327 108.305544034
109.549 0.811498999596 108.457182079
109.668 2.23339867592 108.575503823
109.941 1.4204941988 108.845462965
110.213 0.320786982775 109.11542164
110.485 0.538587391376 109.385380031
110.758 2.07335615158 109.655338318
111.03 3.38240933418 109.925296686
111.302 4.23680067062 110.195255313
111.575 4.45074748993 110.465214384
111.712 2.50897336006 110.601628807
111.848 3.98407793045 110.735174079
111.984 2.34984469414 110.870204625
112.12 2.81822991371 111.00513458
112.255 2.22881388664 111.138779427
112.392 1.16976261139 111.275096069
112.525 1.72368729115 111.407353392
112.797 0.882858812809 111.675926703
113.068 -0.0856959298253 111.944499541
113.338 -0.150981649756 112.213072085
113.61 0.714204549789 112.481644516
113.881 1.76709628105 112.750217017
114.151 2.67315149307 113.018789766
114.423 3.27084493637 113.287362946
114.575 2.22800850868 113.437713417
114.694 3.20429468155 113.555936738
114.844 1.58034014702 113.704903331
114.965 2.45140910149 113.824511321
115.114 1.39905595779 113.972092224
115.235 1.19080626965 114.093086877
115.384 0.929858446121 114.239280275
115.652 0.207759574056 114.506467665
115.922 -0.802070081234 114.773654574
116.192 -1.02078413963 115.04084118
116.461 -0.497642189264 115.308027665
116.731 0.456866621971 115.575214209
117.001 1.56297361851 115.84240099
117.27 2.74098706245 116.10958819
117.436 1.2270386219 116.273875228
117.54 2.96729898453 116.376775988
117.704 -0.00438887719065 116.539679147
117.81 2.28251433372 116.643964564
117.972 0.113907746971 116.805482041
118.079 1.10331118107 116.911154097
118.241 -0.00729001918808 117.071284087
118.508 -0.554827928543 117.337085465
118.777 -1.46365499496 117.602886355
119.045 -1.68251740932 117.868686934
119.313 -1.3336814642 118.134487383
119.581 -0.163303375244 118.40028788
119.85 1.24936854839 118.666088603
120.117 3.21214556694 118.931889733
120.386 3.57497215271 119.197691449
120.565 -0.957466244698 119.374531688
120.654 2.39485239983 119.463493928
120.831 -0.523952364922 119.638948492
120.922 0.962480545044 119.72929735
121.098 -0.364723265171 119.903364443
121.365 -0.631218552589 120.16777972
121.631 -1.36205518246 120.432194501
121.898 -1.41919910908 120.696608963
122.165 -0.901402294636 120.961023286
122.431 0.506829977036 121.225437647
122.698 2.15198493004 121.489852224
122.965 4.29640769958 121.754267195
123.231 4.48557901382 122.018682739
123.424 -1.45157885551 122.209460543
123.498 2.74852252007 122.283099032
123.689 -0.570283353329 122.472491167
123.765 1.02163410187 122.547516255
123.955 -0.0193862617016 122.735520933
124.22 -0.0197453834116 122.998550019
124.485 -0.554925382137 123.261578602
124.751 -0.296592324972 123.524606859
125.016 0.795262217522 123.787634966
125.281 2.37254214287 124.050663103
125.547 4.29240655899 124.313691444
125.811 6.17153310776 124.576720167
126.077 5.85248041153 124.839749451
126.284 -0.785746395588 125.044465325
126.343 3.36243915558 125.102779471
126.547 0.35133600235 125.30610968
126.607 1.27250087261 125.365810406
126.812 1.29121172428 125.567753172
127.076 1.5584499836 125.829395978
127.339 1.30640184879 126.091038275
127.603 1.66457223892 126.352680236
127.867 2.77274727821 126.61432204
128.131 4.20139503479 126.875963863
128.395 5.75898742676 127.137605881
128.659 6.87000179291 127.399248269
128.923 6.08478927612 127.660891205
129.144 0.468885540962 127.879545648
129.187 3.52447199821 127.922534864
129.406 2.29420828819 128.139803646
129.45 1.33397054672 128.184179422
129.669 3.58400821686 128.400060775
129.93 4.08094787598 128.660317213
130.193 3.75305628777 128.920573134
130.456 3.98530697823 129.180828713
130.718 4.80693435669 129.441084125
130.981 5.63999938965 129.701339547
131.244 6.50133371353 129.961595152
131.506 7.0167798996 130.221851118
131.768 5.85486936569 130.482107619
132.002 2.59161949158 130.714701101
132.031 2.99075675011 130.742364829
132.264 4.81290483475 130.973572653
132.293 0.976220905781 131.002622925
132.525 6.24496459961 131.232443332
132.786 7.19142007828 131.491313313
133.047 7.03942632675 131.75018277
133.308 6.91008853912 132.009051878
133.569 6.72398900986 132.267920811
133.831 6.49291801453 132.526789745
134.091 6.32993173599 132.785658851
134.353 5.83244180679 133.044528306
134.614 4.45723819733 133.303398285
134.862 3.36448049545 133.549931298
134.875 2.15131592751 133.562268959
135.122 5.79884719849 133.807416316
135.136 0.662344515324 133.821140505
135.381 7.57955217361 134.064900456
135.641 8.89804172516 134.322383892
135.901 9.12102413177 134.5798668
136.16 8.76330184937 134.837349349
136.42 7.69066286087 135.094831716
136.679 6.6747879982 135.352314074
136.94 5.90255784988 135.609796594
137.2 5.1299405098 135.867279452
137.459 4.01495218277 136.124762822
137.719 2.53202915192 136.382246874
137.722 2.88796639442 136.385235852
137.978 1.36601006985 136.639731785
137.979 5.22893857956 136.641334249
138.238 7.37741661072 136.897431763
138.497 9.23944282532 137.153528568
138.754 10.1889715195 137.409624837
139.013 9.71389007568 137.665720742
139.271 7.78216409683 137.921816455
139.529 6.34435176849 138.177912151
139.788 5.16289234161 138.434007999
140.045 4.68767929077 138.690104174
140.304 4.36335468292 138.946200848
140.562 4.08857107162 139.202298192
140.58 2.48443508148 139.220614352
140.82 3.10864591599 139.458396381
140.837 3.9439997673 139.47532604
141.095 5.94835186005 139.730036841
141.351 8.01976966858 139.984746928
141.608 9.42311859131 140.239456473
141.864 9.26175689697 140.494165646
142.122 7.69374704361 140.74887462
142.379 6.41698980331 141.003583567
142.635 5.55958127975 141.258292657
142.892 5.50213193893 141.513002062
143.149 5.80532407761 141.767711956
143.406 6.14208173752 142.022422507
143.44 1.66244399548 142.05606641
143.663 5.53779983521 142.277133888
143.695 2.41237187386 142.309391303
143.95 3.77877211571 142.562715304
144.206 5.73944997787 142.816038587
144.461 7.68238687515 143.069361322
144.717 8.15862083435 143.322683677
144.972 7.2119808197 143.576005826
145.227 6.82014799118 143.829327939
145.483 6.64993953705 144.082650185
145.738 7.26932001114 144.335972736
145.994 8.10814189911 144.589295763
146.249 9.11355876923 144.842619436
146.298 1.65349423885 144.89159164
146.505 8.86688137054 145.095943925
146.552 0.943339824677 145.143529652
146.807 1.26500499249 145.395466768
147.06 2.24856543541 145.64740316
147.315 4.29501914978 145.899338999
147.568 5.74878549576 146.151274452
147.823 6.76078271866 146.40320969
148.076 7.95007801056 146.655144883
148.33 9.01941585541 146.9070802
148.585 10.2749834061 147.159015812
148.838 11.3885698318 147.410951888
149.093 12.3449268341 147.662888597
149.157 5.05049180984 147.72718963
149.346 12.5183401108 147.91482611
149.409 2.01402521133 147.977740675
149.6 12.343878746 148.166764597
149.662 0.312401294708 148.22829082
149.915 -0.218566000462 148.478840237
150.167 1.03143334389 148.729389094
150.42 3.20315051079 148.979937559
150.672 6.55026865005 149.230485801
150.925 9.58958435059 149.481033991
151.177 11.9546232224 149.731582294
151.43 13.6833953857 149.982130882
151.682 14.8437767029 150.232679923
151.935 15.3611526489 150.483229585
152.016 11.9038591385 150.562859993
152.189 15.9717264175 150.733780037
152.267 5.72867584229 150.812023985
152.441 16.7067604065 150.984331449
152.518 1.17310166359 151.061187075
152.769 -1.85388863087 151.310349431
153.02 -2.38538217545 151.559511222
153.272 0.347777098417 151.808672615
153.522 6.43404483795 152.057833777
153.774 11.3435811996 152.306994878
154.025 15.5392522812 152.556156084
154.276 17.8093700409 152.805317563
154.528 18.6895542145 153.054479485
154.778 18.2436275482 153.303642016
154.874 18.5382194519 153.398602342
155.03 19.301858902 153.552805324
155.124 10.7790584564 153.646379197
155.281 21.1517124176 153.801969578
155.373 3.62646484375 153.894155147
155.623 -1.88942539692 154.141930358
155.874 -4.28526639938 154.389704998
156.123 -1.86275827885 154.637479234
156.373 4.91014099121 154.885253232
156.622 11.383140564 155.133027161
156.872 16.8664894104 155.380801185
157.122 20.1385765076 155.628575473
157.372 21.3243656158 155.876350192
157.621 21.0668926239 156.124125508
157.733 25.7054805756 156.234416263
157.871 22.3503990173 156.371901589
157.981 16.0215816498 156.480805898
158.12 24.9571800232 156.619678602
158.23 6.89362001419 156.727194623
158.477 -1.06516861916 156.973582605
158.726 -6.05603694916 157.219970011
158.974 -4.74588346481 157.466357006
159.223 2.890376091 157.712743757
159.471 10.0260076523 157.95913043
159.719 16.6552143097 158.205517189
159.967 21.072473526 158.451904203
160.216 22.9687671661 158.698291636
160.464 22.4608039856 158.944679655
160.591 32.3103218079 159.070301371
160.713 24.0433273315 159.191068425
160.838 21.5551776886 159.3153037
160.96 26.8510608673 159.437458114
161.085 10.8936777115 159.560305117
161.331 1.21732652187 159.805305787
161.579 -6.77721452713 160.050305876
161.825 -7.39352226257 160.295305547
162.072 -0.518848478794 160.540304967
162.319 6.60389518738 160.785304301
162.566 13.7075386047 161.030303713
162.813 19.9708919525 161.275303369
163.06 23.1898555756 161.520303434
163.306 23.2319431305 161.765304073
163.449 34.2756614685 161.906257277
163.554 24.6974048615 162.010305451
163.694 24.3877868652 162.149872218
163.8 27.5094871521 162.255307735
163.94 13.7932081223 162.393486244
164.185 3.38162255287 162.637099518
164.431 -6.11325979233 162.880712206
164.676 -8.4770860672 163.124324471
164.922 -3.77689647675 163.367936477
165.167 2.14007639885 163.61154839
165.413 8.99605178833 163.855160372
165.658 16.0945587158 164.098772588
165.904 20.1624488831 164.342385204
166.149 21.1869697571 164.585998381
166.307 31.8803863525 164.742283569
166.395 22.8440589905 164.829612285
166.551 24.627746582 164.984511039
166.64 25.3572845459 165.073227081
166.795 15.1899013519 165.22673759
167.039 5.48754739761 165.468963386
167.284 -4.00770616531 165.711188591
167.527 -8.09488296509 165.953413367
167.772 -6.8949637413 166.195637878
168.015 -2.72984814644 166.437862287
168.26 2.45052480698 166.680086758
168.503 9.09557342529 166.922311453
168.748 13.6686515808 167.164536536
168.992 16.2553901672 167.40676217
169.164 26.3747882843 167.578379859
169.236 18.3299751282 167.648988519
169.407 21.5515384674 167.819219775
169.48 20.3103351593 167.891215746
169.649 14.1281261444 168.06005877
169.893 5.97783660889 168.300897005
170.135 -2.08482074738 168.541734645
170.378 -6.63785934448 168.782571851
170.62 -7.33533906937 169.023408784
170.863 -5.18787431717 169.264245609
171.106 -1.66462600231 169.505082486
171.349 3.27318072319 169.745919578
171.591 7.35842704773 169.986757049
171.834 10.2805175781 170.227595059
172.022 19.4448261261 170.414545759
172.076 12.5211877823 170.468433771
172.264 16.2384796143 170.65399804
172.319 14.4216384888 170.709273348
172.505 11.1310138702 170.893449396
172.746 5.49656772614 171.13289999
172.987 -0.844659924507 171.372349983
173.229 -4.67085361481 171.611799536
173.47 -6.06890869141 171.851248811
173.711 -5.38368558884 172.09069797
173.952 -3.96583175659 172.330147173
174.194 -0.919302523136 172.569596581
174.435 1.82647168636 172.809046358
174.675 4.23559808731 173.048496663
174.917 6.33836317062 173.287947659
175.119 8.67868328094 173.48884542
175.158 8.49722194672 173.527399507
175.36 6.45611286163 173.726909056
175.599 3.43020486832 173.964971927
175.839 0.480918318033 174.203034192
176.079 -1.41025710106 174.441096013
176.319 -2.32521057129 174.679157548
176.558 -2.96780848503 174.91721896
176.799 -3.29208564758 175.155280408
177.038 -3.64955067635 175.393342053
177.279 -3.13160562515 175.631404056
177.518 -1.85454213619 175.869466576
177.758 0.299074858427 176.107529775
177.976 3.65389084816 176.323761528
177.998 2.7128970623 176.345593813
178.215 2.86731791496 176.560437364
178.453 1.71130216122 176.79711243
178.691 0.882276713848 177.033786888
178.929 0.463065892458 177.270460894
179.167 0.561607718468 177.50713461
179.406 -0.295005381107 177.743808195
179.644 -1.90691304207 177.980481808
179.883 -4.65434455872 178.217155609
180.121 -5.797914505 178.453829758
180.36 -5.58049201965 178.690504414
180.598 -3.68852257729 178.927179736
180.832 1.02372944355 179.158745977
180.837 -0.884228408337 179.163855885
181.069 0.933020532131 179.394033932
181.305 0.43337520957 179.629321114
181.543 0.422137796879 179.864607683
181.779 1.14424908161 180.099893795
182.017 2.69265651703 180.335179611
182.253 1.99614822865 180.57046529
182.491 0.199782088399 180.805750989
182.727 -3.70258831978 181.041036866
182.965 -6.08699846268 181.276323082
183.201 -7.01061010361 181.511609794
183.439 -5.51432085037 181.746897161
183.676 -2.3057641983 181.982185342
183.687 1.74208819866 181.993798353
183.922 1.45789253712 182.227698347
184.159 0.730421841145 182.461597565
184.394 0.388847500086 182.695496165
184.63 1.16967976093 182.929394305
184.865 2.72803807259 183.163292142
185.101 2.38885712624 183.397189835
185.336 0.522801458836 183.631087539
185.572 -3.20504760742 183.864985415
185.808 -6.06405067444 184.098883619
186.044 -7.44560098648 184.332782308
186.279 -6.41667413712 184.566681641
186.514 -3.40855741501 184.800581775
186.542 4.89888048172 184.828918269
186.777 3.93064379692 185.061430222
187.011 2.14457297325 185.293941397
187.246 0.401668071747 185.52645195
187.479 0.372127532959 185.758962037
187.714 2.01240062714 185.991471816
187.948 1.68258476257 186.223981444
188.183 0.211535781622 186.456491076
188.416 -3.40737724304 186.68900087
188.65 -6.07140684128 186.921510984
188.885 -7.77889680862 187.154021572
189.119 -7.22027444839 187.386532793
189.353 -4.94738674164 187.619044803
189.399 10.2655038834 187.664105337
189.631 7.62400913239 187.89522917
189.864 4.79096078873 188.126352222
190.097 0.757659912109 188.357474649
190.33 -0.967481791973 188.588596605
190.562 -0.315694928169 188.819718248
190.795 -0.242952167988 189.050839732
191.028 -1.58933329582 189.281961214
191.26 -3.90365242958 189.513082849
191.494 -5.70077800751 189.744204794
191.726 -7.26963376999 189.975327204
191.959 -7.40731477737 190.206450234
192.192 -6.36648750305 190.437574042
192.254 12.1672868729 190.499359143
192.485 8.80268955231 190.729094779
192.717 5.35872268677 190.958829629
192.948 0.913279354572 191.188563852
193.179 -1.10502576828 191.418297599
193.41 -0.722909092903 191.648031026
193.642 -0.345589548349 191.87776429
193.873 -0.983896195889 192.107497543
194.104 -2.10523271561 192.337230941
194.336 -3.49246907234 192.56696464
194.567 -5.38628578186 192.796698793
194.799 -6.41245651245 193.026433557
195.03 -6.64409542084 193.256169086
195.109 10.6211938858 193.3346793
195.339 7.09124803543 193.563026659
195.569 3.76883983612 193.791373231
195.798 0.846215605736 194.01971917
196.029 -0.10279969871 194.248064631
196.258 0.798655867577 194.476409766
196.489 1.76300001144 194.70475473
196.718 2.10728502274 194.933099678
196.949 1.9250357151 195.161444762
197.179 0.5523853302 195.389790138
197.408 -2.03911566734 195.618135958
197.639 -4.24023199081 195.846482377
197.868 -5.85158967972 196.07482955
197.964 7.89095544815 196.170065419
198.193 4.04200077057 196.397024424
198.421 1.38785672188 196.623982639
198.65 0.27622154355 196.850940219
198.878 0.861626088619 197.077897315
199.106 2.95185422897 197.30485408
199.336 4.94341993332 197.531810669
199.564 6.10053443909 197.758767234
199.793 6.21566486359 197.985723927
200.021 4.70358181 198.212680904
200.249 1.65520763397 198.439638314
200.478 -1.3930683136 198.666596313
200.706 -3.98271584511 198.893555054
200.819 4.39474153519 199.005517087
201.046 0.312740951777 199.23108766
201.273 -1.54985034466 199.456657442
201.501 -0.763100206852 199.682226585
201.728 1.48737967014 199.907795239
201.954 5.36466598511 200.133363559
202.182 8.49963378906 200.358931696
202.409 10.3622846603 200.584499801
202.636 10.7800388336 200.810068027
202.863 9.12584018707 201.035636528
203.09 5.33284521103 201.261205453
203.318 1.72542643547 201.486774955
203.544 -1.37956738472 201.712345188
203.674 0.889091908932 201.841033915
203.9 -3.01400971413 202.06521598
204.125 -4.5448307991 202.289397251
204.352 -1.97798144817 202.51357788
204.577 1.94951343536 202.737758018
204.802 7.76156949997 202.961937815
205.028 11.6545257568 203.186117423
205.254 14.411564827 203.410296994
205.48 14.9711427689 203.634476677
205.705 13.1084899902 203.858656626
205.931 8.55627918243 204.082836989
206.157 4.58556985855 204.30701792
206.382 1.73955881596 204.53119957
206.528 0.754339754581 204.676615514
206.608 -0.124545544386 204.755382088
206.753 -3.23516964912 204.899408995
206.977 -4.74391698837 205.12220168
207.201 -2.13139486313 205.34499372
207.426 1.95253968239 205.567785264
207.65 8.05430316925 205.790576462
207.875 12.1249475479 206.013367467
208.099 14.9713001251 206.236158426
208.323 15.4761981964 206.458949492
208.548 13.6393051147 206.681740813
208.772 9.17923355103 206.904532541
208.995 5.49061489105 207.127324825
209.22 3.03637194633 207.350117816
209.383 3.889793396 207.512261471
209.444 1.6799197197 207.572911664
209.607 -0.375744879246 207.733666292
209.829 -2.17037844658 207.955070314
210.052 -1.32062089443 208.176473689
210.275 1.4206302166 208.397876564
210.498 6.24072313309 208.61927909
210.72 9.92199230194 208.840681415
210.944 12.0390014648 209.062083689
211.166 12.2956457138 209.283486061
211.39 10.6891136169 209.504888681
211.612 7.18759059906 209.726291697
211.835 4.45506858826 209.94769526
212.058 2.52931499481 210.169099519
212.238 6.66683292389 210.347971397
212.281 1.84725797176 210.390504622
212.459 3.10961794853 210.567987482
212.681 1.11849665642 210.788002768
212.902 0.62182289362 211.008017402
213.123 1.96521675587 211.228031534
213.345 4.95975351334 211.44804531
213.567 7.48389148712 211.668058882
213.788 8.83192539215 211.888072395
214.01 8.81830215454 212.108086
214.231 7.4481959343 212.328099844
214.453 4.98490619659 212.548114075
214.674 3.16748547554 212.768128842
214.895 2.21272945404 212.988144294
215.093 8.85675430298 213.183744904
215.117 2.23923635483 213.208160579
215.312 6.59116172791 213.402372178
215.532 4.83641958237 213.620998651
215.753 3.14494085312 213.839624471
215.972 3.05818557739 214.058249784
216.192 4.55420970917 214.276874738
216.413 5.66348361969 214.495499482
216.632 6.00832986832 214.71412416
216.852 5.59075975418 214.932748923
217.073 4.48567676544 215.151373917
217.293 2.70137238503 215.369999289
217.513 1.95025408268 215.588625187
217.733 2.04489064217 215.807251759
217.946 10.4513444901 216.019581576
217.953 3.10195064545 216.025879152
218.166 9.91198539734 216.236819966
218.384 8.84234809875 216.454057552
218.602 6.60031795502 216.671294483
218.821 5.38531684875 216.888530904
219.04 5.12054491043 217.105766961
219.258 4.74643230438 217.323002802
219.477 3.83486104012 217.540238573
219.696 2.57707333565 217.75747442
219.914 1.67057549953 217.974710491
220.133 0.968339979649 218.191946931
220.351 1.36969196796 218.409183887
220.57 2.55396723747 218.626421506
220.789 4.7008433342 218.843659933
220.801 13.3217468262 218.855481026
221.018 13.3404302597 219.071330456
221.236 12.4035329819 219.287179082
221.452 9.76318264008 219.503027051
221.669 7.80239868164 219.718874505
221.887 6.44254922867 219.934721592
222.104 5.00791025162 220.150568458
222.321 3.18511199951 220.366415247
222.539 1.23033988476 220.582262106
222.756 0.38260191679 220.798109181
222.973 0.492588609457 221.013956615
223.191 1.77983736992 221.229804556
223.407 3.7996931076 221.445653149
223.624 6.64360284805 221.66150254
223.654 17.4679260254 221.691442863
223.871 16.9589862823 221.905903261
224.086 15.6435194016 222.120362854
224.302 12.8905277252 222.334821786
224.518 10.5143461227 222.549280201
224.734 8.52719688416 222.763738245
224.949 6.25929689407 222.978196063
225.166 3.95017075539 223.192653798
225.381 1.51037442684 223.407111595
225.597 0.593218266964 223.621569601
225.813 1.21281456947 223.836027958
226.029 3.0091855526 224.050486812
226.244 5.84553003311 224.264946307
226.461 9.2723274231 224.479406588
226.509 22.9657268524 224.527466674
226.723 20.7103786469 224.740537966
226.937 18.0215950012 224.953608452
227.152 14.757270813 225.166678276
227.366 11.9718503952 225.379747579
227.58 9.72271633148 225.592816507
227.795 7.34720420837 225.805885204
228.009 4.92781400681 226.018953813
228.223 2.57158184052 226.232022477
228.438 1.52822482586 226.445091342
228.652 1.9730604887 226.658160549
228.867 3.63497400284 226.871230244
229.082 6.31672096252 227.08430057
229.296 9.38382148743 227.29737167
229.362 29.2937793732 227.363552069
229.575 24.4956455231 227.575234183
229.789 19.8607692719 227.78691549
230.001 15.4241313934 227.998596132
230.214 12.2225513458 228.210276252
230.428 10.2190294266 228.421955992
230.64 8.14610385895 228.633635496
230.853 6.0617389679 228.845314906
231.067 3.76201510429 229.056994366
231.279 2.52834320068 229.268674018
231.492 2.37937235832 229.480354004
231.706 3.20231342316 229.692034468
231.918 4.9720287323 229.903715554
232.131 7.41967439651 230.115397402
232.216 35.5076713562 230.199698659
232.428 27.2512931824 230.409991523
232.639 20.4640693665 230.620283578
232.85 14.6407728195 230.830574967
233.063 11.0049505234 231.040865831
233.274 9.65580940247 231.251156312
233.485 8.43586444855 231.461446552
233.697 7.09740924835 231.671736692
233.909 5.57801055908 231.882026876
234.12 4.09098386765 232.092317244
234.331 2.53491473198 232.302607938
234.543 1.79900562763 232.512899101
234.755 1.82183754444 232.723190875
234.966 2.63479280472 232.9334834
235.07 36.2763938904 233.035906029
235.28 26.5849056244 233.244809571
235.49 18.9151287079 233.453712303
235.699 13.0985183716 233.662614368
235.91 9.74381065369 233.871515905
236.12 8.98149013519 234.080417055
236.33 8.53734779358 234.28931796
236.541 7.96924686432 234.498218759
236.751 7.16617965698 234.707119596
236.961 5.33768463135 234.91602061
237.171 2.36032915115 235.124921941
237.381 -0.0133739132434 235.333823732
237.591 -1.64473831654 235.542726124
237.802 -2.32874655724 235.751629257
238.132 22.4954166412 236.079687938
238.34 15.1287031174 236.287201277
238.549 10.6338663101 236.494713946
238.758 8.33330345154 236.702226084
238.966 8.15902900696 236.909737833
239.176 8.38272571564 237.117249332
239.384 8.78349590302 237.324760721
239.593 8.79430389404 237.53227214
239.801 6.53804397583 237.739783729
240.011 1.97772824764 237.947295628
240.219 -2.10914158821 238.154807977
240.427 -5.53147792816 238.362320918
240.637 -7.91099119186 238.569834587
240.983 16.9806156158 238.914626235
241.19 11.0452785492 239.120750109
241.398 7.87684726715 239.326873313
241.605 6.45144844055 239.532995983
241.812 6.44824695587 239.73911826
242.021 6.9602265358 239.945240283
242.228 7.67878484726 240.151362191
242.435 7.78490591049 240.357484122
242.642 5.38774394989 240.563606217
242.85 0.547372043133 240.769728614
243.057 -4.30634975433 240.975851452
243.264 -8.5318775177 241.181974871
243.472 -11.6951465607 241.388099009
243.835 10.2616605759 241.749624048
244.041 6.14387464523 241.954358388
244.247 4.72943353653 242.159092055
244.453 3.94689297676 242.363825187
244.659 3.86946415901 242.568557922
244.865 4.14720630646 242.7732904
245.071 4.79108476639 242.978022757
245.277 5.24381256104 243.182755132
245.482 3.0000565052 243.387487663
245.689 -1.98141300678 243.592220488
245.894 -6.69330644608 243.796953746
246.1 -10.9046773911 244.001687574
246.307 -14.3129739761 244.206422111
246.687 3.66727852821 244.584680987
246.891 1.42549991608 244.788025722
247.096 1.71025049686 244.991369784
247.3 1.28055775166 245.194713308
247.505 0.399179637432 245.398056433
247.709 0.0711974799633 245.601399296
247.914 0.0405907668173 245.804742033
248.118 0.240049734712 246.008084782
248.323 -1.57097268105 246.211427681
248.528 -5.41044425964 246.414770865
248.732 -8.96800613403 246.618114474
248.936 -12.2129487991 246.821458644
249.141 -14.8882408142 247.024803512
249.538 -1.08765459061 247.419796662
249.741 -2.45657062531 247.621751724
249.945 -1.50126564503 247.823706111
250.148 -1.83632206917 248.025659959
250.351 -3.25083780289 248.227613404
250.553 -4.11524438858 248.429566583
250.757 -4.46241950989 248.631519632
250.96 -4.39398097992 248.833472686
251.163 -5.69580507278 249.035425884
251.366 -8.32793426514 249.237379361
251.57 -10.7795190811 249.439333252
251.772 -13.108247757 249.641287696
251.975 -15.2431316376 249.843242826
252.39 -3.80211186409 250.254970659
252.591 -5.5128235817 250.455535979
252.793 -5.12997913361 250.656100623
252.995 -5.66829681396 250.856664725
253.197 -7.08192443848 251.057228422
253.398 -8.02555370331 251.257791849
253.599 -8.82555675507 251.458355141
253.802 -9.1142282486 251.658918434
254.003 -9.78134250641 251.859481863
254.205 -10.8044834137 252.060045563
254.406 -11.9995832443 252.26060967
254.609 -13.5080394745 252.461174319
254.81 -15.2386407852 252.661739645
255.24 -4.40085077286 253.090202589
255.441 -6.44054746628 253.289378098
255.641 -6.69369077682 253.48855293
255.841 -7.43212604523 253.687727219
256.042 -8.84079265594 253.8869011
256.242 -10.0175991058 254.086074708
256.442 -10.9865322113 254.285248175
256.643 -11.4355258942 254.484421638
256.844 -11.6282167435 254.683595231
257.044 -11.6653375626 254.882769087
257.244 -12.135931015 255.081943342
257.444 -13.2726478577 255.281118129
257.645 -14.9842653275 255.480293584
258.092 -3.29639935493 255.92549206
258.29 -5.59025859833 256.123277691
258.49 -5.77717399597 256.321062644
258.689 -6.78084611893 256.518847053
258.887 -8.57208442688 256.71663105
259.086 -10.0189189911 256.914414771
259.286 -11.2207679749 257.112198347
259.484 -11.7619915009 257.309981912
259.683 -11.6986064911 257.507765602
259.881 -10.9701566696 257.705549547
260.081 -11.0954837799 257.903333883
260.28 -12.272354126 258.101118743
260.478 -14.2907247543 258.298904259
260.943 -0.00912147853523 258.760838659
261.14 -2.26734542847 258.957234344
261.338 -2.51721739769 259.153629351
261.536 -3.8097140789 259.350023811
261.733 -6.09587907791 259.546417858
261.93 -8.23881149292 259.742811625
262.127 -9.4920501709 259.939205243
262.326 -10.0878372192 260.135598845
262.523 -9.9621629715 260.331992564
262.72 -8.81729507446 260.528386533
262.917 -9.04388713837 260.724780883
263.115 -10.5711069107 260.921175749
263.313 -13.5948572159 261.117571261
263.793 5.46926927567 261.596241996
263.99 3.38211393356 261.791247668
264.186 2.4769821167 261.986252662
264.382 0.214812785387 262.181257107
264.578 -3.41415429115 262.376261137
264.775 -6.61684083939 262.571264883
264.97 -8.6646528244 262.766268477
265.166 -9.60594272614 262.961272049
265.362 -9.19107151031 263.156275732
265.558 -7.09803819656 263.351279657
265.755 -6.82723379135 263.546283957
265.95 -8.30611515045 263.741288762
266.146 -11.7465343475 263.936294204
266.645 12.6934776306 264.431701679
266.839 11.5439214706 264.625317273
267.034 9.70342159271 264.818932187
267.229 5.70395708084 265.012546552
267.423 -0.47251829505 265.206160498
267.618 -5.35481071472 265.399774158
267.812 -8.82566738129 265.593387661
268.007 -10.2146692276 265.787001137
268.202 -9.20817565918 265.980614719
268.396 -5.80224657059 266.174228536
268.591 -4.62501907349 266.367842719
268.785 -5.42360877991 266.561457399
268.981 -8.67527484894 266.755072706
269.495 18.1781272888 267.267217295
269.688 17.3900909424 267.459442743
269.882 14.815829277 267.651667512
270.075 9.69386959076 267.84389173
270.268 2.36856770515 268.036115528
270.461 -3.86015605927 268.228339036
270.655 -8.30082607269 268.420562383
270.848 -10.0913438797 268.612785699
271.041 -8.78729343414 268.805009114
271.234 -4.97746753693 268.997232757
271.428 -2.77802467346 269.189456758
271.621 -2.82497382164 269.381681248
271.814 -5.52324056625 269.573906355
272.346 21.288936615 270.102788453
272.538 20.9892921448 270.29362369
272.729 18.2915840149 270.484458249
272.921 12.8437461853 270.675292255
273.113 4.46116113663 270.866125839
273.305 -2.3338432312 271.05695913
273.497 -7.495865345 271.247792256
273.688 -9.87498569489 271.438625346
273.88 -8.64245033264 271.629458529
274.073 -3.76377153397 271.820291934
274.264 -0.808073878288 272.011125689
274.456 0.0875970721245 272.201959925
274.647 -2.20098161697 272.392794768
274.84 -6.81971597672 272.583630348
275.196 21.1057186127 272.938414762
275.386 21.293844223 273.127859724
275.577 19.1294631958 273.317304007
275.768 14.2674951553 273.506747736
275.958 6.38856315613 273.696191042
276.148 -0.0840047970414 273.885634051
276.338 -5.52794075012 274.075076892
276.529 -8.80741405487 274.264519691
276.72 -8.02833843231 274.453962579
276.91 -2.91954874992 274.643405681
277.1 0.618051767349 274.832849127
277.29 2.47181773186 275.022293044
277.481 1.67119812965 275.211737559
277.672 -3.66024208069 275.401182801
278.046 17.2880496979 275.774095807
278.235 18.3354721069 275.962150429
278.425 17.7778396606 276.150204371
278.614 14.6404294968 276.33825776
278.802 8.78283691406 276.526310723
278.991 3.37526154518 276.714363386
279.18 -1.93854320049 276.902415877
279.37 -6.12335777283 277.090468323
279.559 -6.22260093689 277.278520851
279.747 -2.06534647942 277.466573588
279.936 1.44112884998 277.654626659
280.125 4.00501298904 277.842680194
280.315 4.72009134293 278.030734318
280.504 -0.224943876266 278.218789159
280.896 10.3594055176 278.609831198
281.085 12.0590820312 278.796495415
281.272 14.0336685181 278.983158954
281.459 13.9234609604 279.169821938
281.647 11.6678285599 279.356484493
281.834 7.6772813797 279.543146748
282.023 3.36789798737 279.729808826
282.21 -1.56671643257 279.916470854
282.397 -3.13333797455 280.10313296
282.585 -1.26078629494 280.289795266
282.772 1.72965037823 280.476457901
282.961 4.70387649536 280.663120992
283.148 7.0043926239 280.849784661
283.335 3.61719465256 281.036449038
283.746 4.11806631088 281.445620544
283.933 6.55322647095 281.630894293
284.119 9.93407344818 281.816167364
284.305 11.9859447479 282.00143988
284.491 12.230052948 282.186711965
284.677 10.0193815231 282.371983747
284.864 6.41285467148 282.55725535
285.05 1.61256468296 282.742526897
285.236 -0.87316608429 282.927798517
285.422 -0.554264724255 283.113070332
285.608 1.79629170895 283.298342467
285.795 5.09864711761 283.48361505
285.981 8.14713001251 283.668888203
286.167 6.5232591629 283.854162053
286.596 -0.882111847401 284.281463428
286.782 1.54084932804 284.465346647
286.966 5.9651722908 284.649229187
287.151 9.22599887848 284.833111171
287.335 11.4838924408 285.016992725
287.52 10.65031147 285.200873971
287.706 8.07962703705 285.384755035
287.89 2.99539589882 285.56863604
288.075 0.168550357223 285.752517111
288.259 -0.453174054623 285.936398371
288.444 1.39388954639 286.120279946
288.63 4.7612080574 286.304161959
288.814 9.43393421173 286.488044533
288.999 9.62841129303 286.671927794
289.446 -3.49420666695 287.117359462
289.63 -1.77380788326 287.299852087
289.813 1.99796152115 287.482344034
289.997 5.27555513382 287.664835424
290.18 8.57144451141 287.847326382
290.363 9.20407104492 288.029817031
290.547 7.44788074493 288.212307494
290.73 3.18856072426 288.394797894
290.913 0.795396089554 288.577288355
291.097 -0.204912558198 288.759778999
291.28 1.20030093193 288.94226995
291.463 4.19745540619 289.124761332
291.647 9.27943134308 289.307253266
291.83 11.0235805511 289.489745878
292.296 -3.31590390205 289.953308253
292.479 -2.74056625366 290.134410222
292.66 -0.294757187366 290.315511513
292.842 2.62766861916 290.496612248
293.024 6.41750955582 290.677712549
293.206 8.06630802155 290.858812539
293.387 7.70407342911 291.039912339
293.57 5.11477518082 291.221012073
293.752 3.22958564758 291.402111862
293.934 1.66631698608 291.583211828
294.116 2.15308856964 291.764312095
294.297 4.13152503967 291.945412784
294.48 8.08537006378 292.126514018
294.662 9.9600982666 292.307615918
295.145 -0.658618211746 292.789309386
295.326 -1.52672469616 292.969020637
295.507 -1.24164390564 293.148731211
295.688 0.903176426888 293.328441229
295.868 4.949862957 293.508150811
296.048 7.95255565643 293.68786008
296.229 8.96441364288 293.867569157
296.409 8.53963851929 294.047278163
296.591 7.28668546677 294.226987219
296.771 5.2037229538 294.406696447
296.951 4.22731256485 294.586405968
297.132 4.40050268173 294.766115905
297.312 5.66720342636 294.945826376
297.493 6.28791475296 295.125537505
297.995 2.63951468468 295.625362469
298.174 0.838176608086 295.803682942
298.353 0.421250522137 295.982002738
298.533 2.45364737511 296.160321977
298.712 6.75681495667 296.338640779
298.891 10.6395568848 296.516959267
299.07 12.7614107132 296.695277559
299.249 13.2891988754 296.873595776
299.428 12.0876331329 297.05191404
299.608 9.36201477051 297.230232469
299.787 6.8395690918 297.408551184
299.966 5.0201921463 297.586870307
300.145 3.93632745743 297.765189957
300.324 3.07278227806 297.943510254
300.845 6.04203653336 298.461467112
301.022 4.13965177536 298.638396745
301.2 3.64246487617 298.815325702
301.377 6.04073524475 298.992254102
301.555 11.3606100082 299.169182065
301.734 15.9835033417 299.346109711
301.911 18.6126651764 299.523037158
302.089 19.5235958099 299.699964527
302.266 17.9434776306 299.876891937
302.444 13.8553628922 300.053819507
302.621 9.71465587616 300.230747356
302.8 6.02187824249 300.407675606
302.978 2.9219417572 300.584604374
303.155 0.623779714108 300.761533781
303.693 8.93427181244 301.297622899
303.87 7.94967222214 301.473161631
304.047 8.90080356598 301.648699689
304.223 12.3748016357 301.82423719
304.399 18.7330303192 301.999774253
304.575 23.258852005 302.175310997
304.751 26.271282196 302.350847539
304.928 26.7832622528 302.526384
305.105 24.2233715057 302.701920497
305.281 18.3301544189 302.877457148
305.457 12.6617603302 303.052994073
305.633 7.55376291275 303.22853139
305.809 2.7707836628 303.404069217
305.987 -0.787568688393 303.579607674
306.543 10.4024753571 304.133829438
306.718 10.480805397 304.30797721
306.892 12.8727378845 304.482124309
307.067 17.3083114624 304.656270851
307.243 24.2157001495 304.830416954
307.418 28.7415180206 305.004562737
307.592 31.1986503601 305.178708315
307.767 30.7633552551 305.352853808
307.942 27.5265293121 305.526999333
308.117 21.1369247437 305.701145007
308.292 15.1105566025 305.875290947
308.467 9.72992610931 306.049437273
308.642 4.78869819641 306.223584101
308.817 0.981527209282 306.397731549
309.566 11.7856903076 307.142843091
309.739 15.9187440872 307.315599171
309.912 21.2869338989 307.488354695
310.086 27.9331474304 307.661109779
310.259 32.0846557617 307.833864541
310.432 33.4432029724 308.006619097
310.607 31.5980739594 308.179373563
310.78 27.9165554047 308.352128057
310.954 22.2845649719 308.524882695
311.127 17.116065979 308.697637593
311.3 12.5525951385 308.870392869
311.474 8.95003604889 309.043148639
311.648 5.84517717361 309.21590502
312.413 11.7016201019 309.977758856
312.585 17.0884189606 310.14912386
312.756 23.5166606903 310.320488307
312.929 30.320936203 310.491852314
313.101 34.4160919189 310.663215997
313.273 35.1849441528 310.834579471
313.445 32.6654434204 311.005942852
313.617 28.7047672272 311.177306257
313.789 23.7560367584 311.348669801
313.961 19.4740486145 311.520033598
314.134 16.0706329346 311.691397767
314.306 13.6544208527 311.862762421
314.478 11.4158267975 312.034127677
315.26 10.0740528107 312.812724117
315.431 16.8741550446 312.982697984
315.602 24.2161464691 313.152671296
315.772 32.2220993042 313.322644168
315.943 36.5942344666 313.492616714
316.113 37.1538467407 313.662589049
316.284 33.8276405334 313.832561287
316.455 29.9432868958 314.002533546
316.626 25.4039382935 314.172505937
316.797 22.1371936798 314.342478576
316.967 19.9712753296 314.51245158
317.138 19.1201210022 314.68242506
317.308 17.8545303345 314.852399134
318.107 7.55808544159 315.647738481
318.276 15.3252496719 315.816321155
318.446 23.6440486908 315.984903274
318.615 33.4324760437 316.153484952
318.785 38.727848053 316.322066303
318.954 39.2962188721 316.490647441
319.123 35.365486145 316.65922848
319.292 31.7410984039 316.827809534
319.462 27.7185497284 316.996390716
319.631 25.2643756866 317.16497214
319.8 24.2574691772 317.333553921
319.969 24.8607654572 317.502136172
320.139 24.5258140564 317.670719007
320.954 6.49493360519 318.482801532
321.122 15.4990262985 318.649992955
321.291 24.9542198181 318.817183824
321.458 35.8872184753 318.984374251
321.626 41.6771354675 319.151564351
321.794 42.1560287476 319.318754235
321.962 37.442905426 319.485944017
322.129 33.6868286133 319.653133809
322.297 30.1582012177 319.820323725
322.466 28.3801822662 319.987513878
322.634 28.1003036499 320.15470438
322.802 29.522102356 320.321895344
322.969 29.6959972382 320.489086884
323.802 6.88692760468 321.317912879
323.968 17.178194046 321.483712994
324.135 28.0237197876 321.649512556
324.301 39.6175613403 321.815311676
324.467 45.1792564392 321.981110467
324.634 45.7263946533 322.146909041
324.8 40.3185424805 322.312707509
324.966 35.9807434082 322.478505984
325.134 32.6771888733 322.644304578
325.3 31.316286087 322.810103402
325.466 31.5687618256 322.975902569
325.633 33.349773407 323.141702191
325.799 33.7292327881 323.307502379
326.649 9.86125183105 324.153072131
326.814 20.6164054871 324.317480882
326.979 31.7310256958 324.48188908
327.143 42.0907058716 324.646296836
327.308 46.9233665466 324.810704263
327.473 46.5107421875 324.97511147
327.638 41.1434059143 325.139518568
327.804 36.6944274902 325.30392567
327.969 34.0912780762 325.468332886
328.134 33.3197288513 325.632740326
328.299 33.9569015503 325.797148103
328.464 35.4474639893 325.961556326
328.629 35.6842346191 326.125965108
329.495 14.1191682816 326.988278872
329.659 25.3480968475 327.151296202
329.822 35.446521759 327.31431298
329.986 44.5519790649 327.477329317
330.149 47.6111907959 327.640345324
330.314 46.075088501 327.803361108
330.478 39.3450202942 327.966376781
330.641 35.3274612427 328.129392454
330.805 33.993106842 328.292408236
330.968 34.03282547 328.455424237
331.132 34.8715286255 328.618440569
331.295 36.230178833 328.781457339
331.459 35.9710617065 328.944474659
332.342 20.592628479 329.823532709
332.504 31.6447849274 329.985158564
332.666 39.6676826477 330.146783867
332.828 45.2414703369 330.308408729
332.99 46.1743392944 330.470033259
333.153 42.8823814392 330.631657566
333.316 35.4048347473 330.793281759
333.478 32.2692604065 330.954905949
333.64 33.077091217 331.116530242
333.802 34.0405273438 331.278154749
333.964 34.787689209 331.43977958
334.127 35.2778930664 331.601404842
334.289 34.172416687 331.763030646
335.188 26.4337425232 332.658833252
335.349 35.9002876282 332.819067575
335.51 41.8701858521 332.979301349
335.671 44.7259178162 333.139534681
335.831 44.1527709961 333.299767681
335.992 40.5231437683 333.460000456
336.154 34.1189804077 333.620233114
336.315 31.8826980591 333.780465765
336.475 33.4901161194 333.940698515
336.636 34.442817688 334.100931474
336.797 34.5558662415 334.26116475
336.958 33.6845932007 334.42139845
337.118 31.8908367157 334.581632684
338.035 31.8844928741 335.494180084
338.194 38.6370124817 335.653022821
338.354 42.3158607483 335.81186501
338.513 42.9991531372 335.970706758
338.672 41.8678207397 336.129548173
338.832 38.9053421021 336.288389361
338.992 35.1761207581 336.447230431
339.151 34.0066604614 336.606071489
339.311 35.2768936157 336.764912642
339.47 35.2244682312 336.923753999
339.629 34.1123123169 337.082595666
339.789 31.1853790283 337.241437751
339.948 28.8166713715 337.400280361
340.881 33.6649627686 338.329572813
341.039 37.8482971191 338.48702391
341.197 39.8712921143 338.644474461
341.355 40.173034668 338.80192457
341.513 39.6169319153 338.959374346
341.671 38.2024230957 339.116823894
341.829 36.6887283325 339.274273321
341.988 36.2402687073 339.431722733
342.146 36.5815963745 339.589172236
342.304 35.5237197876 339.746621937
342.462 33.1529655457 339.904071943
342.62 29.6291446686 340.061522359
342.778 27.7007884979 340.218973292
343.728 33.1618041992 341.165011047
343.884 34.1447906494 341.321070451
344.041 35.130531311 341.477129309
344.197 36.0611763 341.633187727
344.354 37.1220245361 341.789245811
344.51 37.6328201294 341.945303665
344.667 37.9989776611 342.101361396
344.823 38.0440406799 342.257419109
344.98 37.75182724 342.413476908
345.138 35.5628013611 342.569534901
345.294 32.3230285645 342.725593192
345.451 28.0756568909 342.881651886
345.607 27.4279689789 343.037711089
346.573 29.2808799744 344.000494371
346.729 26.6562843323 344.155162028
346.884 27.4792575836 344.30982914
347.039 31.2785243988 344.464495813
347.195 34.674243927 344.619162152
347.35 37.436126709 344.77382826
347.505 39.6722183228 344.928494242
347.66 39.7463493347 345.083160203
347.815 37.702205658 345.237826246
347.97 34.4596481323 345.392492477
348.125 30.7111854553 345.547159001
348.281 26.6666221619 345.701825921
348.437 28.1451778412 345.856493343
349.419 25.5733337402 346.83602239
349.573 21.443939209 346.989298248
349.727 22.2960071564 347.142573562
349.88 27.7177886963 347.295848438
350.035 32.2632026672 347.449122979
350.189 35.8310775757 347.602397288
350.343 38.0868988037 347.755671469
350.496 37.8814315796 347.908945626
350.65 35.2312965393 348.062219861
350.804 31.5698509216 348.215494279
350.958 27.6580581665 348.368768984
351.111 23.7629528046 348.522044078
351.265 26.7490177155 348.675319666
352.265 21.8692302704 349.671594715
352.418 17.7578849792 349.823478721
352.57 18.8880672455 349.975362185
352.722 25.1773262024 350.127245211
352.875 30.0598640442 350.279127903
353.027 32.8206329346 350.431010361
353.179 33.0301780701 350.582892689
353.332 32.1867141724 350.73477499
353.485 30.3628730774 350.886657365
353.637 27.3103218079 351.038539919
353.79 23.0905647278 351.190422753
353.942 19.3689212799 351.34230597
354.094 23.3063354492 351.494189672
354.247 35.1353530884 351.646073964
355.111 21.3788642883 352.507210928
355.262 18.7764396667 352.65770303
355.413 20.2406616211 352.808194592
355.564 25.8572368622 352.958685717
355.715 30.0698623657 353.109176507
355.866 31.5382575989 353.259667063
356.017 30.3520336151 353.410157487
356.168 29.0869255066 353.56064788
356.319 27.8956127167 353.711138345
356.47 24.936630249 353.861628983
356.621 20.1790180206 354.012119895
356.772 15.9494190216 354.162611184
356.923 19.2638778687 354.313102951
357.075 29.9421882629 354.463595298
357.957 24.4578456879 355.342870636
358.106 22.2583065033 355.491970783
358.256 24.0877227783 355.641070392
358.405 29.9543037415 355.790169565
358.555 32.9697227478 355.939268403
358.704 32.9202003479 356.088367005
358.855 29.6910114288 356.237465474
359.004 28.203792572 356.386563909
359.154 28.4168739319 356.535662412
359.303 25.529542923 356.684761083
359.453 19.5017471313 356.833860024
359.603 11.7861585617 356.982959334
359.752 13.1664991379 357.132059115
359.902 23.6531009674 357.281159467
360.803 30.2379055023 358.178573449
360.951 29.9723587036 358.326281589
361.099 32.0221939087 358.473989194
361.247 36.3492965698 358.621696364
361.395 37.4025192261 358.769403199
361.543 36.2598114014 358.917109798
361.691 31.4154930115 359.064816261
361.84 30.0085830688 359.212522688
361.988 32.2910194397 359.360229179
362.136 29.2331104279 359.507935833
362.284 21.4391975403 359.655642752
362.432 9.02319908142 359.803350033
362.58 7.33815765381 359.951057777
362.729 15.8736209869 360.098766085
363.648 34.2304992676 361.014318947
363.794 34.0927429199 361.160635032
363.941 35.6691360474 361.306950582
364.088 38.9327278137 361.453265699
364.235 39.5327644348 361.599580481
364.381 38.4505805969 361.745895025
364.528 34.4094200134 361.892209433
364.675 34.1954956055 362.038523802
364.823 38.1271095276 362.184838231
364.969 35.2060127258 362.331152819
365.116 26.0597686768 362.477467665
365.263 10.9061660767 362.623782868
365.409 7.22954940796 362.770098527
365.556 14.3117284775 362.916414741
366.493 36.5367889404 363.85010674
366.638 35.1884536743 363.995030718
366.784 35.5647087097 364.139954164
366.93 37.7186088562 364.284877178
367.075 38.8192520142 364.429799857
367.22 39.4210929871 364.574722298
367.366 39.1256904602 364.719644601
367.511 41.4020462036 364.864566862
367.656 46.1237869263 365.00948918
367.802 42.8846855164 365.154411652
367.947 33.4718894958 365.299334378
368.092 17.609796524 365.444257453
368.238 12.7726268768 365.589180978
368.383 18.8069572449 365.734105049
369.338 36.9056739807 366.685936435
369.482 34.3015594482 366.829468257
369.626 33.1942405701 366.97299955
369.77 33.9742736816 367.116530411
369.914 35.6396064758 367.260060938
370.058 38.2861862183 367.403591227
370.202 41.7018318176 367.547121375
370.346 46.4799804688 367.69065148
370.49 51.5287666321 367.834181637
370.634 49.0340461731 367.977711945
370.778 39.4568481445 368.121242501
370.922 24.9299297333 368.264773401
371.067 19.4492645264 368.408304742
371.211 24.1071510315 368.551836622
372.183 36.4744911194 369.521807614
372.326 31.4468173981 369.663947231
372.468 28.8850517273 369.806086322
372.611 28.6341667175 369.948224982
372.753 30.730676651 370.090363308
372.896 35.2003059387 370.232501395
373.038 41.6544380188 370.374639341
373.181 48.497631073 370.516777241
373.324 56.0058097839 370.65891519
373.467 54.4022483826 370.801053285
373.61 45.5512657166 370.943191623
373.752 29.4920768738 371.085330299
373.895 24.0734958649 371.227469408
374.037 29.1580600739 371.369609049
375.028 34.9630393982 372.357719884
375.169 27.6799583435 372.498467249
375.31 23.7292251587 372.639214088
375.451 22.4877929688 372.779960499
375.593 25.3141422272 372.920706576
375.735 30.4136333466 373.061452414
375.876 39.7137413025 373.202198109
376.017 48.1074409485 373.342943755
376.158 56.9148101807 373.483689448
376.299 56.57787323 373.624435283
376.44 48.9445533752 373.765181355
376.581 33.6793403625 373.905927759
376.723 28.7233467102 374.04667459
376.864 32.7299232483 374.187421944
377.873 35.3337898254 375.193672855
378.012 28.7118053436 375.333027918
378.153 24.516582489 375.472382459
378.293 22.1172657013 375.611736572
378.433 24.0096378326 375.751090352
378.572 28.4280529022 375.890443893
378.712 37.4183769226 376.029797289
378.852 45.613117218 376.169150635
378.991 54.3415908813 376.308504024
379.131 54.7429237366 376.447857551
379.271 48.4644203186 376.58721131
379.411 35.0522232056 376.726565395
379.55 29.463842392 376.8659199
379.69 30.2718410492 377.00527492
380.718 37.5729522705 378.029666107
380.857 34.526725769 378.167628821
380.995 31.249376297 378.305591016
381.133 27.5838184357 378.443552784
381.272 27.0086746216 378.58151422
381.41 29.2031517029 378.719475417
381.548 34.6073417664 378.857436467
381.687 40.8137893677 378.995397466
381.825 48.1411933899 379.133358504
381.963 48.9317169189 379.271319675
382.102 44.2280197144 379.409281075
382.24 33.6370582581 379.547242794
382.378 26.1780929565 379.685204926
382.517 21.7513504028 379.823167566
383.563 38.8887672424 380.865699249
383.7 38.5320358276 381.002269567
383.837 36.5405769348 381.138839368
383.974 33.1460762024 381.275408744
384.111 30.7099380493 381.41197779
384.248 29.8471927643 381.548546595
384.384 31.0148162842 381.685115253
384.521 34.3294143677 381.821683857
384.658 39.0442237854 381.958252498
384.795 40.1415023804 382.094821268
384.932 37.256980896 382.231390261
385.069 29.9317188263 382.367959568
385.206 21.5422935486 382.504529281
385.343 14.1261987686 382.641099494
386.407 39.0852394104 383.701771887
386.543 41.3049926758 383.836949762
386.678 40.7526817322 383.972127123
386.814 37.5508079529 384.107304062
386.95 33.6313056946 384.24248067
387.085 29.6431255341 384.377657038
387.221 26.0874328613 384.512833257
387.356 25.9169464111 384.64800942
387.492 28.9471035004 384.783185617
387.627 30.1516990662 384.91836194
387.763 29.6391868591 385.053538481
387.898 25.674413681 385.18871533
388.034 17.6173534393 385.323892579
388.169 5.29940843582 385.459070319
389.252 37.6936378479 386.537883604
389.386 41.8002281189 386.67166899
389.52 42.5816917419 386.805453865
389.654 40.3791503906 386.939238319
389.788 35.3399467468 387.073022444
389.922 29.0515136719 387.206806329
390.057 20.348526001 387.340590064
390.191 16.5620613098 387.474373741
390.325 17.3473052979 387.608157449
390.459 19.331861496 387.741941279
390.593 20.5434780121 387.875725322
390.727 21.6062793732 388.009509667
390.861 14.9492139816 388.143294406
390.996 -1.19769227505 388.277079629
392.096 35.9386940002 389.374034006
392.229 39.8135719299 389.506426858
392.362 40.9066772461 389.638819201
392.494 39.5601158142 389.771211126
392.627 34.6279182434 389.903602722
392.76 27.8955192566 390.035994078
392.893 17.9092731476 390.168385283
393.025 12.4469184875 390.300776429
393.158 11.0292730331 390.433167602
393.291 12.5360517502 390.565558894
393.424 14.8350887299 390.697950395
393.556 18.4696235657 390.830342192
393.689 12.3697519302 390.962734376
393.822 -5.06725645065 391.095127037
394.94 33.7419242859 392.210222702
395.071 34.8780899048 392.341222974
395.203 35.3259544373 392.472222741
395.335 35.0640487671 392.603222091
395.466 31.7808265686 392.734221113
395.597 26.1694736481 392.865219895
395.729 18.2237052917 392.996218526
395.86 12.8257627487 393.127217095
395.991 9.83483695984 393.25821569
396.123 10.7801685333 393.389214399
396.254 12.5495662689 393.520213312
396.385 15.9483852386 393.651212517
396.517 9.6401386261 393.782212102
396.648 -6.42388296127 393.913212156
397.784 33.642578125 395.046449273
397.914 33.147693634 395.17605692
398.044 32.7765274048 395.305664065
398.174 32.1940116882 395.435270796
398.304 30.2774105072 395.5648772
398.434 26.9787483215 395.694483364
398.563 22.5380363464 395.824089376
398.693 18.6123981476 395.953695325
398.824 15.8023147583 396.083301296
398.954 15.4714393616 396.212907379
399.084 15.6039428711 396.342513661
399.214 15.5117931366 396.472120229
399.344 7.67029905319 396.601727171
399.474 -6.28803920746 396.731334575
400.757 33.8831100464 398.010928304
400.885 32.8877716064 398.139142784
401.014 31.9338779449 398.267356851
401.142 31.3479328156 398.395570592
401.271 30.9396324158 398.523784094
401.399 30.6014404297 398.651997444
401.528 29.0241107941 398.780210728
401.656 26.4105396271 398.908424033
401.785 24.8839206696 399.036637445
401.913 22.2689170837 399.164851052
402.042 19.7728672028 399.29306494
402.17 9.91224384308 399.421279195
402.299 -7.56321620941 399.549493905
403.599 37.9043121338 400.845836734
403.727 36.5676498413 400.972658504
403.854 34.1632804871 401.099479863
403.981 34.707157135 401.226300899
404.108 37.2117614746 401.353121695
404.235 42.662727356 401.479942339
404.362 44.2356109619 401.606762915
404.489 42.3881721497 401.73358351
404.616 38.3467597961 401.860404209
404.744 33.2560386658 401.987225098
404.871 25.3329391479 402.114046262
404.998 12.4265651703 402.240867788
405.125 -7.25721979141 402.367689762
406.441 41.0021018982 403.68078179
406.567 40.4566192627 403.806210808
406.693 38.0889129639 403.931639417
406.819 39.5404319763 404.057067704
406.945 43.4183959961 404.182495751
407.071 51.0697059631 404.307923646
407.197 54.1636123657 404.433351472
407.322 53.3244781494 404.558779313
407.448 48.6244277954 404.684207256
407.574 41.3157463074 404.809635384
407.699 29.8618049622 404.935063783
407.825 15.3283405304 405.060492537
407.951 -4.23488616943 405.185921731
409.284 43.5592536926 406.515763082
409.408 44.9006233215 406.639799304
409.533 43.7858543396 406.76383512
409.657 45.6945495605 406.887870615
409.781 49.7332572937 407.011905872
409.905 56.5536880493 407.135940974
410.03 59.7400970459 407.259976007
410.154 59.4832038879 407.384011053
410.278 54.6057281494 407.508046197
410.403 46.4550323486 407.632081523
410.527 33.8689804077 407.756117114
410.651 19.1198863983 407.880153053
410.776 1.66662275791 408.004189427
412.126 44.3741188049 409.350780216
412.249 48.0099411011 409.4734236
412.372 49.4521179199 409.596066581
412.495 51.8010635376 409.718709242
412.618 55.1515159607 409.841351665
412.741 59.4518280029 409.963993934
412.864 61.5966835022 410.086636132
412.987 60.9040031433 410.209278341
413.11 56.1792869568 410.331920645
413.233 48.0675048828 410.454563126
413.356 36.1406517029 410.577205867
413.479 22.2059898376 410.699848951
413.602 7.38203620911 410.822492462
414.968 44.9357910156 412.185832774
415.09 50.6287307739 412.307083278
415.211 53.918800354 412.428333382
415.333 56.6105728149 412.549583168
415.454 58.5716667175 412.670832716
415.576 60.1936149597 412.79208211
415.697 60.4373817444 412.913331432
415.819 59.2257804871 413.034580762
415.94 54.6419410706 413.155830184
416.062 47.4629173279 413.277079779
416.183 36.8938751221 413.398329629
416.305 25.0854911804 413.519579816
416.426 11.8590631485 413.640830423
417.811 44.3203392029 415.020920363
417.931 51.7868614197 415.140777947
418.051 57.7992095947 415.260635132
418.171 60.2275276184 415.380492001
418.291 60.8603591919 415.500348634
418.411 58.1878662109 415.620205111
418.531 55.9257164001 415.740061515
418.651 54.1056022644 415.859917926
418.772 50.5515365601 415.979774425
418.892 44.1060295105 416.099631093
419.012 35.8086280823 416.219488012
419.132 26.5262546539 416.339345262
419.252 15.5659856796 416.459202925
420.652 45.9295654297 417.856042591
420.771 53.2237510681 417.974507213
420.889 59.1614341736 418.092971439
421.008 60.8972930908 418.211435351
421.127 60.5458755493 418.329899026
421.246 56.4619789124 418.448362547
421.364 53.4256782532 418.566825993
421.483 51.4139137268 418.685289444
421.602 48.2144432068 418.80375298
421.721 42.795249939 418.922216681
421.839 35.8598480225 419.040680628
421.958 27.6263027191 419.1591449
422.077 17.4599971771 419.277609578
423.493 49.7143058777 420.69119904
423.611 54.9691429138 420.808270659
423.728 57.9856567383 420.925341886
423.845 58.6179122925 421.042412799
423.963 57.5305595398 421.159483478
424.08 54.5963172913 421.276554002
424.197 52.4322357178 421.39362445
424.315 50.945224762 421.5106949
424.432 47.8039321899 421.627765433
424.549 43.4055290222 421.744836128
424.668 36.8866653442 421.861907063
424.784 28.3442230225 421.978978318
424.902 17.7653236389 422.096049972
426.336 52.2906570435 423.526389316
426.452 55.2665290833 423.642067893
426.568 55.8802032471 423.75774608
426.683 55.8283920288 423.873423956
426.799 55.5590057373 423.989101598
426.915 55.0284538269 424.104779085
427.031 53.5692749023 424.220456495
427.147 50.9990196228 424.336133906
427.263 47.1758956909 424.451811397
427.379 42.6404953003 424.567489045
427.495 36.5744285583 424.683166929
427.611 28.33203125 424.798845127
427.727 18.5216770172 424.914523718
429.177 54.2000350952 426.361613026
429.292 55.1563529968 426.475898522
429.406 53.4134902954 426.59018363
429.521 53.4905586243 426.704468429
429.635 54.9411010742 426.818752995
429.75 57.6734390259 426.933037406
429.864 56.6481323242 427.047321739
429.979 51.8955955505 427.161606072
430.093 46.2826271057 427.275890481
430.208 41.244430542 427.390175044
430.322 35.9548225403 427.504459838
430.437 28.5719413757 427.618744941
430.551 19.1668395996 427.73303043
432.018 54.2273979187 429.196869753
432.131 53.762752533 429.309762127
432.244 50.869430542 429.422654118
432.358 52.8798561096 429.535545801
432.471 56.6957015991 429.648437253
432.584 64.221824646 429.761328549
432.697 63.0957489014 429.874219767
432.81 53.2908744812 429.987110982
432.923 44.9507026672 430.100002271
433.036 38.4101753235 430.21289371
433.149 34.3337478638 430.325785376
433.263 28.397518158 430.438677345
433.376 20.7905368805 430.551569694
434.859 52.3367843628 432.032159102
434.971 52.8740005493 432.143658318
435.083 52.3873672485 432.255157152
435.195 57.2352218628 432.366655681
435.306 63.7220230103 432.478153979
435.418 73.5169754028 432.589652123
435.53 71.2388534546 432.701150187
435.641 56.6480407715 432.812648247
435.753 45.39220047 432.924146377
435.865 37.6424446106 433.035644655
435.977 34.9432067871 433.147143155
436.088 30.0797309875 433.258641952
436.2 23.435508728 433.370141123
437.7 48.3278999329 434.867480682
437.811 52.2525215149 434.9775867
437.921 57.8154602051 435.08769234
438.031 65.9892196655 435.197797677
438.142 76.3145599365 435.307902785
438.253 86.4006347656 435.418007737
438.362 81.7298202515 435.52811261
438.473 62.2662315369 435.638217476
438.584 48.5267715454 435.748322412
438.694 38.8956489563 435.85842749
438.805 37.1728782654 435.968532786
438.914 33.2510032654 436.078638375
439.025 27.0356197357 436.18874433
440.543 46.8657341003 437.702834073
440.651 53.0923118591 437.811546857
440.76 61.7293548584 437.920259265
440.869 71.8514480591 438.028971372
440.978 82.7990341187 438.137683251
441.087 90.7768173218 438.246394976
441.196 85.9567947388 438.35510662
