0 12.2402057648 0.328430909534
0.116521 15.2496242523 0.444586068976
0.236091 10.8914642334 0.56380273626
0.358797 0.983659744263 0.686079729062
0.48447 -0.8625420928 0.811415986219
0.613305 2.56759309769 0.939810432359
0.745107 8.31220531464 1.0712619412
0.880071 8.90591430664 1.20576942484
1.01812 8.22534179688 1.34333182634
1.15913 12.0299768448 1.48394803938
2.10377 17.5656051636 2.42571956535
2.21907 19.3118457794 2.5406432073
2.33733 21.0335788727 2.6586297943
2.45876 19.2600975037 2.7796782032
2.58322 9.28708171844 2.90378732503
2.71083 7.14216852188 3.03095607789
2.84141 10.287730217 3.16118334789
2.97507 14.1999835968 3.29446804676
3.11184 15.7173271179 3.43080910486
3.25169 16.4338474274 3.57020542506
3.3945 18.4590263367 3.71265592967
4.32125 25.3595943451 4.63670630739
4.43844 25.7312736511 4.75346139124
4.55851 29.0432338715 4.87327975655
4.68174 29.5365982056 4.99616029869
4.80813 18.9316692352 5.1221019135
4.93749 17.9768409729 5.25110350539
5.06993 20.4833068848 5.3831639775
5.2054 23.5037689209 5.51828224693
5.34397 26.7844848633 5.65645722745
5.48556 23.2827587128 5.79768784338
5.63031 23.2180328369 5.941973021
6.53917 31.952287674 6.84829848607
6.6581 30.5151233673 6.96688536019
6.78003 37.4493789673 7.08853587069
6.90515 38.303894043 7.2132489189
7.03321 30.3515796661 7.34102337863
7.16443 30.1528072357 7.47185817975
7.2987 31.8532371521 7.60575222951
7.43596 35.9021949768 7.74270442404
7.57639 34.3989982605 7.88271370332
7.71987 28.8097858429 8.02577899083
8.63971 41.1330108643 8.94314203281
8.75734 35.5477752686 9.06049598092
8.87805 33.2122383118 9.18091501351
9.00186 43.303150177 9.30439804134
9.12878 45.7848701477 9.43094394368
9.25873 42.1822357178 9.56055162198
9.39175 42.3723907471 9.6932200047
9.52782 44.2975654602 9.82894798378
9.66689 43.8854637146 9.9677344792
9.8092 39.3464355469 10.109578431
9.9544 30.3446464539 10.2544787459
10.8564 45.1944274902 11.1541125776
10.9758 35.9745788574 11.2732986979
11.0984 33.8056526184 11.3955502563
11.2241 46.3509178162 11.5208661491
11.3527 53.11561203 11.6492452759
11.4845 53.7975997925 11.780686544
11.6194 54.0247917175 11.915188861
11.7572 52.216381073 12.0527511443
11.8983 48.3156585693 12.1933723128
12.0422 39.2120666504 12.3370512922
12.1894 27.9090385437 12.4837870104
13.0734 45.7879180908 13.365687875
13.1947 34.2574691772 13.4867065335
13.3191 32.2537498474 13.6107909674
13.4466 50.3035430908 13.7379400935
13.577 64.4019470215 13.8681528172
13.7106 64.9050674438 14.0014280245
13.8473 61.5605125427 14.1377646484
13.987 55.9102783203 14.277161609
14.1298 47.7498435974 14.4196178057
14.2756 35.3796463013 14.5651321878
15.1707 62.1357154846 15.4580835172
15.2907 44.4686355591 15.5778678249
15.4138 31.4463310242 15.7007193698
15.54 35.6012611389 15.8266370475
15.6694 59.4808998108 15.9556197779
15.8017 75.0480041504 16.0876664467
15.9371 71.4965744019 16.2227759655
16.0755 64.7580413818 16.3609472701
16.2171 55.7560043335 16.5021792592
16.3617 43.2800941467 16.646470859
16.5094 26.7473831177 16.7938210196
17.3865 64.2453384399 17.669035103
17.5083 41.1158370972 17.7906523087
17.6334 32.576751709 17.9153371067
17.7614 38.8510169983 18.0430883962
17.8925 69.6736297607 18.1739050792
18.0266 80.6614990234 18.3077860652
18.1639 73.6852645874 18.444730267
18.3042 64.2395706177 18.584736603
18.4475 51.7607345581 18.727803995
18.594 34.2493553162 18.8739313721
18.7434 22.036447525 19.0231176661
19.6027 63.5309753418 19.8805907556
19.7264 42.3144874573 20.0040412256
19.8531 34.4671363831 20.1305596446
19.983 47.1292152405 20.260144894
20.1159 75.7362823486 20.3927958992
20.2519 81.7661132812 20.5285115723
20.3909 72.4130325317 20.6672908084
20.5331 60.1338500977 20.8091325477
20.6783 45.3466491699 20.9540357164
20.8265 29.244556427 21.1019992243
21.6967 68.2890319824 21.9705356816
21.8191 62.8248901367 22.0927503737
21.9446 43.2055473328 22.2180344738
22.0733 40.8605384827 22.3463868613
22.205 55.167388916 22.4778064395
22.3397 78.3432922363 22.6122921364
22.4775 78.7782897949 22.7498428467
22.6184 67.368888855 22.8904574879
22.7623 54.1578292847 23.034135003
22.9093 41.5755271912 23.1808743007
23.0594 27.6154899597 23.3306743146
23.9117 68.5807952881 24.1814655238
24.036 67.6133041382 24.3055138566
24.1633 48.7282676697 24.4326319336
24.2938 48.5210494995 24.5628186564
24.4273 63.1038818359 24.6960729314
24.5638 77.1476593018 24.8323936696
24.7034 73.4252624512 24.9717797868
24.8461 59.7494354248 25.1142302051
24.9919 49.5450935364 25.259743849
25.1407 40.3453063965 25.4083196486
25.2926 30.1469860077 25.5599565413
26.127 73.1504592896 26.3929987635
26.2531 72.525970459 26.5188810824
26.3822 53.8848648071 26.6478335028
26.5145 56.5604972839 26.7798549285
26.6499 68.1404266357 26.9149442485
26.7882 73.8566360474 27.0531003966
26.9296 62.9003067017 27.1943222919
27.0742 52.9716682434 27.3386088378
27.2218 46.3002815247 27.4859589813
27.3724 39.9929351807 27.6363716568
28.2179 60.0356483459 28.4804901465
28.3427 76.3467330933 28.6051352785
28.4705 73.0474395752 28.732851949
28.6016 58.7099113464 28.8636390787
28.7356 62.7715568542 28.9974955547
28.8727 68.6982650757 29.1344202885
29.0129 65.088394165 29.2744122161
29.1562 52.1070137024 29.4174702388
29.3026 46.7383155823 29.5635932833
29.452 43.2965202332 29.7127802992
29.6044 42.6193313599 29.8650302036
30.432 61.3465995789 30.6913954741
30.5586 74.749206543 30.817874967
30.6884 69.4756240845 30.9474263542
30.8211 62.5891189575 31.0800485394
30.9571 65.3989257812 31.2157404329
31.096 66.107963562 31.3545009487
31.2381 54.5243148804 31.4963290048
31.3831 40.698223114 31.6412235256
31.5312 39.7565574646 31.7891834396
31.6825 42.3316421509 31.9402076804
31.8368 45.1994132996 32.0942951861
32.6464 60.0116653442 32.9029035082
32.7749 68.6301193237 33.0312177253
32.9065 66.1257476807 33.1626041746
33.0411 63.83801651 33.2970617821
33.1788 65.5862045288 33.43458946
33.3195 60.1103897095 33.5751861059
33.4634 41.8474388123 33.7188506594
33.6104 30.8177852631 33.8655820482
33.7603 34.8455696106 34.0153791833
33.9134 41.5135307312 34.1682410205
34.734 47.2875137329 34.9879385441
34.8612 56.078327179 35.1150141444
34.9915 62.7085571289 35.2451634301
35.1249 63.9432411194 35.3783853069
35.2613 64.2898025513 35.5146787028
35.4008 62.5582084656 35.654042513
35.5434 50.4373016357 35.7964756563
35.6891 29.6723270416 35.9419770769
35.8378 19.4430656433 36.090545684
35.9896 30.2709236145 36.242180411
36.1445 41.4687080383 36.3968802166
36.9473 42.732624054 37.1988165827
37.0763 51.4019889832 37.3277272593
37.2084 58.395149231 37.4597119785
37.3436 60.850643158 37.5947696476
37.4819 62.6325798035 37.732899178
37.6233 55.8464126587 37.8740994871
37.7676 37.0697364807 38.0183694971
37.9151 15.3622055054 38.1657081334
38.0657 10.1460409164 38.3161143281
38.2193 30.1966762543 38.4695870187
38.376 42.799697876 38.6261251444
39.1609 38.5474357605 39.4102966322
39.2918 46.8467597961 39.5410427487
39.4257 53.6791267395 39.6748632652
39.5627 58.3188476562 39.8117570722
39.7028 59.0394439697 39.9517231035
39.846 44.2497749329 40.0947602785
39.9922 22.4743099213 40.2408675026
40.1415 2.69441699982 40.3900437243
40.2939 10.9277572632 40.5422878772
40.4493 34.7574615479 40.6975988812
41.2452 26.8545036316 41.4928725205
41.3748 35.3709945679 41.6223785887
41.5075 42.1585502625 41.7549605078
41.6432 50.3864784241 41.8906171661
41.7821 56.8307723999 42.029347476
41.924 49.8142204285 42.1711503742
42.0689 29.8315353394 42.3160247629
42.217 6.75700712204 42.4639695692
42.3682 1.87756299973 42.6149837444
42.5223 21.2072792053 42.7690662055
42.6796 44.6212348938 42.9262158946
43.4576 25.4627819061 43.7037204691
43.5891 32.7733612061 43.8350623464
43.7236 38.1119308472 43.9694804117
43.8611 48.7075233459 44.1069735761
44.0018 50.3260536194 44.2475407542
44.1455 37.5060462952 44.3911808651
44.2923 14.0287017822 44.537892834
44.4422 1.73531126976 44.6876755908
44.5951 12.2026500702 44.8405280688
44.7512 36.3595275879 44.9964492081
44.9102 59.4803161621 45.1554379526
45.6704 26.3477039337 45.9151697516
45.8036 29.7726078033 46.0483477801
45.9399 34.6263809204 46.1846023549
46.0793 43.3547096252 46.3239323892
46.2218 41.6377944946 46.4663367807
46.3674 21.3356704712 46.6118144708
46.516 6.64007377625 46.7603643871
46.6677 7.41995334625 46.911985442
46.8224 28.3357429504 47.066676592
46.9803 55.5155029297 47.224436779
47.1412 77.3618774414 47.3852649302
47.7514 23.1804218292 47.9952836757
47.8834 25.5715045929 48.1272202419
48.0185 26.3385715485 48.2622347838
48.1566 30.3635921478 48.4003262316
48.2979 36.8797988892 48.5414934799
48.4422 29.3812046051 48.6857354496
48.5895 13.5331897736 48.8330510848
48.74 9.11753368378 48.9834392954
48.8935 21.8921966553 49.1368990167
49.0501 49.3594398499 49.2934292073
49.2097 78.0681838989 49.4530287918
49.963 26.0525970459 50.2060987491
50.0968 23.3654689789 50.3398718337
50.2337 22.1052970886 50.4767232517
50.3737 23.3738269806 50.6166519149
50.5167 27.8786888123 50.7596567417
50.6628 23.390039444 50.9057366549
50.812 13.8978996277 51.0548905812
50.9643 20.5961380005 51.2071174529
51.1196 41.1068687439 51.3624162084
51.278 74.2014312744 51.5207857883
51.4395 89.398147583 51.6822251403
52.1749 26.7253608704 52.4175144562
52.3105 20.0348758698 52.5531244204
52.4492 15.8162069321 52.6918130562
52.591 16.4529933929 52.8335792985
52.7359 23.8201828003 52.9784220675
52.8838 22.6921424866 53.1263402691
53.0348 22.6866493225 53.2773328525
53.1889 37.4632148743 53.4313987526
53.346 64.7588043213 53.5885368898
53.5062 85.1588439941 53.7487462281
53.6695 90.6245651245 53.9120257173
54.2527 27.0876541138 54.495163622
54.3871 23.8582210541 54.6295306895
54.5245 14.1765413284 54.7669778746
54.665 10.2492322922 54.9075040906
54.8087 14.7123298645 55.0511082749
54.9553 24.0339794159 55.1977893303
55.1051 27.9628295898 55.3475461852
55.2579 36.0815734863 55.5003777914
55.4138 57.4027290344 55.6562830665
55.5728 76.0247955322 55.8152609536
55.7348 83.3867645264 55.9773104188
56.4634 25.7787570953 56.7059430301
56.5996 19.7444515228 56.842147322
56.7388 8.38356971741 56.9814320889
56.8812 9.48266506195 57.1237962472
57.0266 18.1009902954 57.2692387162
57.1751 28.3942928314 57.4177584221
57.3267 38.9528045654 57.5693542954
57.4813 54.3030433655 57.7240252702
57.6391 67.5235061646 57.8817702873
57.7999 75.1734619141 58.0425882916
57.9637 77.1204528809 58.2064782326
58.6744 22.6412715912 58.9173223689
58.8124 12.9863386154 59.0553642453
58.9535 7.56682538986 59.1964869552
59.0977 13.4696149826 59.3406893976
59.2449 23.5294952393 59.4879705147
59.3952 36.9336929321 59.6383292348
59.5486 53.1406555176 59.7917644712
59.7051 61.6754875183 59.9482751807
59.8646 66.6177978516 60.1078603064
60.0272 68.4872970581 60.2705187759
60.1929 66.0420608521 60.4362495611
60.749 22.9327220917 60.992503986
60.8857 16.035276413 61.1293015298
61.0256 10.7577514648 61.2691813506
61.1685 11.6584272385 61.4121423447
61.3145 18.7442646027 61.5581834335
61.4635 29.9957637787 61.7073035616
61.6156 47.0591125488 61.8595016398
61.7709 56.4073600769 62.0147766041
61.9291 58.2681732178 62.1731274139
62.0905 59.2601356506 62.3345529947
62.2549 57.8541564941 62.4990522971
62.9588 17.7440605164 63.2032449137
63.0974 13.5222787857 63.3418804041
63.239 12.8393783569 63.4835985096
63.3837 15.9431476593 63.6283981489
63.5316 23.8722114563 63.7762782459
63.6824 36.0555763245 63.9272377277
63.8364 47.5192298889 64.081275528
63.9934 49.4496574402 64.2383905851
64.1535 49.3507957458 64.3985818411
64.3167 48.1299171448 64.5618482437
64.4829 44.9389953613 64.7281887465
65.1689 15.9974861145 65.4145850862
65.3093 14.8225364685 65.5550588625
65.4528 15.5083427429 65.6986156127
65.5993 19.7557239532 65.8452542582
65.749 27.2234859467 65.9949737053
65.9017 34.7485122681 66.1477729038
66.0574 38.7909584045 66.3036507899
66.2163 38.3613624573 66.4626062843
66.3782 37.1546669006 66.624638352
66.5432 35.5783729553 66.7897459433
66.7113 37.95860672 66.957927994
67.2403 22.6807632446 67.4872963489
67.3794 17.6943416595 67.626524374
67.5216 17.0182743073 67.7688367953
67.6668 18.011384964 67.9142325502
67.8153 21.9714126587 68.0627105425
67.9667 24.8958320618 68.2142697017
68.1212 26.0366210938 68.3689089797
68.2788 27.158367157 68.5266272953
68.4394 24.4544277191 68.6874235921
68.6032 22.7138404846 68.8512968369
68.77 28.083442688 69.0182459632
69.4492 23.5864639282 69.6979959961
69.5902 20.4623565674 69.839062667
69.7342 19.2279319763 69.9832140921
69.8813 19.4368000031 70.1304491916
70.0315 19.261838913 70.2807668921
70.1847 17.1265068054 70.4341661249
70.3411 16.2719898224 70.5906458252
70.5005 14.014257431 70.7502049341
70.663 7.68361663818 70.9128423976
70.8286 14.4375162125 71.0785571653
70.9972 25.5806808472 71.2473481933
71.6585 25.6826477051 71.9092941799
71.8012 23.4373531342 72.0521998545
71.9471 20.6903343201 72.1981906223
72.096 17.1810035706 72.3472654264
72.248 11.5949764252 72.4994231957
72.4031 9.07638263702 72.6546628444
72.5612 5.69064807892 72.8129833295
72.7225 -0.868036985397 72.9743835953
72.8868 -1.79163873196 73.1388625701
73.0542 12.0658063889 73.3064192262
73.2246 22.5536327362 73.4770525223
73.7265 32.1899528503 73.9795323041
73.8681 28.126115799 74.121190789
74.0127 26.1922874451 74.2659358056
74.1603 19.0156326294 74.4137662753
74.311 10.9848403931 74.5646811437
74.4649 5.5595240593 74.7186793227
74.6218 1.61763477325 74.8757597486
74.7818 -3.51222491264 75.0359213813
74.9448 -9.01755142212 75.1991631475
75.1109 -4.2707529068 75.3654839983
75.2802 9.3646812439 75.5348829083
75.9346 32.6600494385 76.1901878662
76.0779 30.190530777 76.3336856924
76.2244 25.3004837036 76.4802704085
76.3738 14.086183548 76.6299409391
76.5264 6.47922229767 76.7826962117
76.6821 0.629828214645 76.938535161
76.8408 -3.35958814621 77.0974567259
77.0026 -7.71689510345 77.259459849
77.1674 -10.6538095474 77.4245434791
77.3353 -4.53551721573 77.5927065702
77.5064 7.15966558456 77.7639480795
78.143 33.411529541 78.4014412537
78.2882 29.0399055481 78.546778778
78.4364 20.8477020264 78.6952035517
78.5876 10.3988037109 78.8467144817
78.7421 3.48442554474 79.0013105187
78.8995 -1.30614554882 79.158990599
79.06 -4.70644950867 79.3197536445
79.2236 -7.09785413742 79.4835986202
79.3903 -9.81958961487 79.6505244779
79.5601 -5.7391204834 79.8205301538
79.733 3.4110121727 79.9936146276
80.2079 34.3941917419 80.4692034593
80.3517 31.0622329712 80.613292354
80.4987 24.6603984833 80.7604699337
80.6487 16.3313236237 80.910735103
80.8018 7.68125486374 81.0640867913
80.958 3.26278042793 81.2205239519
81.1173 -0.922286570072 81.3800455038
81.2797 -2.89949512482 81.5426503915
81.4451 -6.22603178024 81.7083375826
81.6136 -9.714802742 81.8771060112
81.7851 -5.25732755661 82.0489546361
82.415 29.8409996033 82.6798121067
82.5607 25.6856975555 82.8257410549
82.7095 19.6543464661 82.9747590266
82.8613 13.2836484909 83.1268649491
83.0163 7.21700668335 83.2820577545
83.1743 3.75781416893 83.4403363784
83.3354 1.94986438751 83.6016997626
83.4996 -1.48197889328 83.7661468542
83.6668 -4.75554323196 83.933676603
83.8371 -7.78851985931 84.1042879658
84.0106 -4.11392021179 84.2779799042
84.6225 23.3877830505 84.8910178855
84.7701 19.9704761505 85.0387872229
84.9207 15.6196470261 85.1896459436
85.0743 11.0045728683 85.3435929772
85.2311 7.10188293457 85.5006272384
85.391 5.43318748474 85.6607476852
85.5538 3.03944683075 85.8239532624
85.7198 -0.469415843487 85.990242899
85.8889 -4.03021001816 86.1596155679
86.061 -5.37663030624 86.3320702283
86.2363 -2.41610431671 86.5076058243
86.6841 23.2112445831 86.9563013773
86.8304 17.7125282288 87.102820662
86.9796 15.2515621185 87.2524307447
87.1321 12.2790803909 87.4051305709
87.2876 9.47814178467 87.5609190534
87.4461 7.63512563705 87.719795129
87.6078 5.69407606125 87.8817577586
87.7725 3.39377570152 88.0468058689
87.9403 -0.953768968582 88.2149384121
88.1112 -3.83358716965 88.3861543635
88.2852 -2.48878908157 88.5604526647
88.8904 17.3378219604 89.1668602958
89.0385 11.9005594254 89.3152203227
89.1896 11.1553258896 89.4666715062
89.3439 10.1906042099 89.621212775
89.5012 8.72344112396 89.7788430638
89.6616 7.17533683777 89.9395613123
89.825 4.93554782867 90.103366464
89.9916 1.6302292347 90.2702574681
90.1612 -2.13954257965 90.4402332792
90.334 -3.94348740578 90.6132928552
90.5097 -0.969575703144 90.7894351604
91.0971 11.1049928665 91.3780156289
91.2469 7.50582122803 91.5282167526
91.3999 9.19752597809 91.6815093729
91.5559 9.38071727753 91.8378924409
91.7151 7.92759418488 91.9973648937
91.8773 6.00882434845 92.1599256538
92.0426 2.60861468315 92.3255736869
92.2109 -0.148805275559 92.494307945
92.3824 -3.64583063126 92.6661273654
92.5568 -3.84405469894 92.8410309284
92.7345 1.51626205444 93.0190176008
93.1553 12.8784017563 93.4408176335
93.304 5.92338514328 93.589767262
93.4556 6.51243305206 93.7418098174
93.6105 9.39486885071 93.8969442303
93.7683 9.08111667633 94.0551694538
93.9293 6.64126491547 94.2164844083
94.0933 3.92907714844 94.3808880383
94.2604 1.49930274487 94.5483793123
94.4306 -2.00081324577 94.7189571649
94.6038 -4.83022260666 94.8926205556
94.7802 -4.19890069962 95.0693684676
95.3608 6.32868719101 95.6513240039
95.5112 4.32628154755 95.8021150597
95.6648 8.84352016449 95.9559994017
95.8213 10.4052276611 96.1129759625
95.981 8.73116874695 96.2730436785
96.1438 5.32769203186 96.436201492
96.3096 3.34726309776 96.6024483503
96.4785 1.39346349239 96.7717832046
96.6506 -3.21868252754 96.9442050119
96.8256 -6.2562994957 97.1197127343
97.0037 -4.50900840759 97.2983053373
97.5665 2.48474693298 97.8624260697
97.7187 6.22929382324 98.0150589066
97.8741 11.2708749771 98.1707853896
98.0326 11.5874271393 98.3296044342
98.194 8.60483264923 98.491514999
98.3586 5.20418405533 98.6565160289
98.5263 4.13824272156 98.824606454
98.697 1.05471265316 98.9957852478
98.8709 -4.75003480911 99.1700513698
99.0477 -7.27353048325 99.347403765
99.2277 -5.27117919922 99.5278414212
99.6216 -0.298683106899 99.9227438174
99.7726 1.40504026413 100.074123715
99.9266 8.73082542419 100.228598686
100.084 14.8965501785 100.386167645
100.244 13.0098848343 100.546829529
100.407 9.06669616699 100.710583299
100.574 6.20980405807 100.877427883
100.743 4.53542661667 101.047362233
100.916 1.1769721508 101.220385326
101.091 -5.71606302261 101.396496102
101.27 -7.76736164093 101.575693531
101.826 -3.0725338459 102.133194796
101.979 2.83051872253 102.286416823
102.135 13.011390686 102.442734263
102.294 18.7214488983 102.602146052
102.456 14.1876935959 102.76465113
102.621 10.0141649246 102.930248442
102.789 7.01298809052 103.098936937
102.96 5.13165140152 103.270715571
103.135 1.28279352188 103.445583301
103.312 -6.08125448227 103.623539093
103.493 -7.71255874634 103.804581916
104.031 -2.56829428673 104.344240768
104.186 5.85146474838 104.499305256
104.343 17.9635734558 104.657465519
104.504 20.7105960846 104.818720492
104.668 15.1164960861 104.983069101
104.835 10.6364116669 105.150510311
105.005 7.15596485138 105.321043074
105.178 5.35459756851 105.494666329
105.354 0.790203630924 105.671379056
105.533 -5.86096382141 105.851180223
105.716 -6.85479736328 106.034068782
106.083 -6.83665847778 106.402071474
106.236 0.460079729557 106.555881596
106.393 10.5667552948 106.712788899
106.552 20.7713298798 106.872792336
106.715 21.0128479004 107.03589083
106.88 15.4721736908 107.202083324
107.049 10.4417581558 107.371368788
107.221 6.85872411728 107.543746157
107.396 4.8551659584 107.719214391
107.574 -0.355072140694 107.897772474
107.755 -4.90700435638 108.079419356
108.286 -3.2489836216 108.612464233
108.442 5.66394424438 108.768117162
108.6 14.2494850159 108.926867632
108.761 21.6071853638 109.088714579
108.926 20.5720367432 109.253656946
109.093 14.9089460373 109.421693681
