  0.0000000E+00  0.3714398       6.899908    
   5.000000      -12.33090       5.111246    
   10.00000      -25.55707       5.935583    
   15.00000      -29.15488       4.109535    
   20.00000      -24.13671       4.620074    
   25.00000      -18.37018       8.284022    
   30.00000      -17.37005       7.692848    
   35.00000      -18.96847       8.842013    
   40.00000      -17.96471       11.34665    
   45.00000      -11.44042       14.84653    
   50.00000      -2.696158       19.21670    
   55.00000      -2.510525       12.05155    
   60.00000      -1.310953       9.525970    
   65.00000     -0.5141446       7.062196    
   70.00000     -0.5713519       6.572512    
   75.00000      -1.573372       6.591888    
   80.00000      -5.101452       5.965083    
   85.00000      -8.075266       5.603918    
   90.00000      -8.316003       4.405805    
   95.00000      -5.418032       3.015646    
   100.0000      -1.790432       2.171349    
   105.0000       1.874782       1.993401    
   110.0000       2.895063       1.566355    
   115.0000       1.256421       1.258164    
   120.0000      0.1752479       1.486206    
   125.0000       1.720709       2.070051    
   130.0000       4.180398       1.858163    
   135.0000       6.034726       2.106307    
   140.0000       5.951004       2.534148    
   145.0000       5.331111       2.509672    
   150.0000       8.698434       5.168766    
   155.0000       11.28845       9.316645    
   160.0000       11.53842       11.92729    
   165.0000       14.31740       12.87362    
   170.0000       8.298972       9.629982    
   175.0000     -1.0984151E-02   4.375889    
   180.0000     -0.2092414       2.680615    
   185.0000     -0.9812481       3.753757    
   190.0000     -0.5012051       5.983950    
   195.0000     -0.1451350       3.968445    
   200.0000       2.986526       4.228948    
   205.0000       3.559216       5.967230    
   210.0000       6.205690       5.171386    
   215.0000       4.675829       2.382793    
   220.0000       5.788616       3.890215    
   225.0000       9.274716       6.564109    
   230.0000       10.98112       9.725691    
   235.0000       8.411142       8.501671    
   240.0000       7.285868       6.529101    
   245.0000     -0.1387358       6.232103    
   250.0000      -5.803209       4.574834    
   255.0000      -9.999204       2.868478    
   260.0000      -8.027965       3.684883    
   265.0000      -2.962847       7.698356    
   270.0000       1.451090       11.31506    
   275.0000       1.334859       9.280788    
   280.0000       5.705951       7.567169    
   285.0000       6.016386       4.005989    
   290.0000       3.236536       4.370377    
   295.0000       4.895194       3.236245    
   300.0000       8.576876       5.513408    
   305.0000       15.31198       9.619360    
   310.0000       18.19529       9.201261    
   315.0000       24.82851       8.243461    
   320.0000       28.22707       9.351947    
   325.0000       33.03727       10.91167    
   330.0000       35.11679       7.616758    
   335.0000       36.17084       4.884288    
   340.0000       35.97317       4.007767    
   345.0000       34.28925       4.126420    
   350.0000       28.17272       5.772167    
   355.0000       26.17734       5.438855    
   360.0000       25.90941       8.103268    
   365.0000       33.90443       9.339638    
   370.0000       32.58914       9.745099    
   375.0000       38.00642       11.35249    
   380.0000       35.13278       9.641850    
   385.0000       32.43988       6.442300    
   390.0000       26.77851       12.22955    
   395.0000       18.42386       12.12252    
   400.0000       21.73808       11.30479    
   405.0000       34.76560       15.09331    
   410.0000       46.45020       14.09547    
   415.0000       45.11678       15.74823    
   420.0000       47.19500       13.53628    
   425.0000       46.87166       11.75969    
   430.0000       50.11971       10.42816    
   435.0000       46.58901       14.74349    
   440.0000       61.80316       20.03789    
445 58.54963 19.56688
450 61.22194 26.65276
455 71.28622 34.25923
460 68.96082 38.00639
465 68.10065 45.96401
470 72.39786 45.73331
475 84.39548 40.30244
480 91.28802 30.37217
485 75.09126 25.01052
490 61.83480 16.55256
495 71.23284 15.01569
500 88.64394 24.88023
505 89.62303 27.67342
510 84.51903 18.81131
515 84.21594 12.52850
520 84.56349 20.47908
525 80.30118 21.86065
530 76.97456 15.99888
535 77.11269 11.22400
540 72.72437 12.17005
545 65.16003 11.91876
550 58.21374 10.53580
555 60.64587 8.232858
560 67.51174 6.471877
565 70.42820 10.03722
570 77.84010 18.36392
575 85.15307 23.03329
580 87.18510 21.69707
585 81.94429 15.70468
590 74.09348 11.13321
595 73.15431 9.755357
600 70.75834 8.811096
605 66.13230 7.302634
610 58.18229 6.598068
615 54.00346 7.377878
620 50.51831 6.950391
625 47.70947 5.440154
630 48.87429 5.342014
635 54.90497 6.063896
640 58.63177 6.882406
645 60.38870 8.381791
650 58.96636 8.747178
655 60.65819 8.148424
660 58.94470 8.630610
665 55.94540 11.19373
670 51.34732 14.27151
675 48.23053 16.81705
680 38.63382 18.97721
685 33.37228 18.73688
690 26.16428 17.69916
695 24.50327 15.41598
700 17.92251 12.31204
705 14.64306 8.318873
710 10.52774 5.063784
715 6.989227 3.140616
720 0.1766663 2.688993
725 -9.219243 4.732187
730 -17.83299 6.799855
735 -27.73306 6.749053
740 -36.33184 6.249271
745 -43.57774 5.022881
750 -47.44807 4.907773
755 -49.77774 6.979182
760 -51.48912 10.31648
765 -50.53578 15.88449
770 -49.69675 19.41224
775 -48.18153 22.00864
780 -43.27714 22.26733
785 -40.32741 21.55601
790 -36.05383 20.16953
795 -31.74880 17.29510
800 -26.56457 15.60815
805 -19.89923 13.78613
810 -12.63778 10.95944
815 -1.556299 14.12949
820 7.325232 16.61214
825 13.71657 12.64039
830 19.03477 13.57832
835 18.83947 19.17097
840 22.66470 17.33515
845 24.52947 16.76250
850 18.50445 14.58970
855 9.058626 9.611300
860 12.82881 16.10668
865 28.74720 18.02098
870 38.56241 12.92273
875 34.07439 13.87934
880 32.39111 15.04670
885 41.89716 17.58101
890 52.56821 15.15073
895 52.83968 19.56653
900 60.05772 28.19324
905 73.01853 30.75755
910 84.44227 32.73013
915 73.04831 27.69349
920 60.58860 15.87501
925 67.50422 20.37891
930 75.75620 24.15925
935 67.37134 17.71916
940 52.61469 8.339908
945 55.77129 15.18891
950 70.87465 13.53076
955 74.42621 15.20583
960 55.10438 20.22855
965 49.99392 28.39600
970 50.04240 23.17006
975 44.35238 12.97714
980 49.22714 24.73954
985 49.78376 24.51320
990 61.22935 11.69919
995 73.89380 12.38230
1000 66.35382 12.54864
1005 62.18397 15.05063
1010 62.70278 21.79913
1015 53.56020 21.81325
1020 41.49448 22.72135
1025 41.16979 22.65633
1030 50.32357 20.61021
1035 65.49114 16.17111
1040 71.54006 13.40137
1045 66.90761 14.75346
1050 50.69613 18.61186
1055 28.94481 16.71228
1060 18.05115 12.77689
1065 27.66528 19.32714
1070 60.88790 34.64907
1075 70.97613 48.73488
1080 52.99759 38.47752
1085 41.61454 22.18596
1090 27.77842 11.24476
1095 25.00148 16.41275
1100 33.93628 20.66241
1105 33.14291 21.61534
1110 30.47699 18.01734
1115 28.94958 25.01459
1120 25.65127 25.78244
1125 30.68860 27.50056
1130 30.27777 21.01223
1135 26.44544 19.64907
1140 24.18383 19.29835
1145 20.11001 15.02087
