  0.0000000E+00  -852.2491       240.2872    
   5.000000      -1150.022       288.7954    
   10.00000      -1418.766       217.8058    
   15.00000      -1580.164       94.29572    
   20.00000      -1653.800       79.84111    
   25.00000      -1613.490       200.6805    
   30.00000      -1847.324       219.3560    
   35.00000      -2042.823       140.8554    
   40.00000      -2096.375       134.5713    
   45.00000      -2131.723       298.1543    
   50.00000      -2195.480       327.1898    
   55.00000      -2137.254       415.5107    
   60.00000      -2272.385       340.6510    
   65.00000      -2341.599       268.6441    
   70.00000      -2358.803       268.3395    
   75.00000      -2367.825       265.1097    
   80.00000      -2570.595       166.2443    
   85.00000      -2690.418       63.05111    
   90.00000      -2729.834       57.04028    
   95.00000      -2748.030       52.59174    
   100.0000      -2790.957       46.70290    
   105.0000      -2837.829       30.32025    
   110.0000      -2846.267       46.12602    
   115.0000      -2876.150       33.24154    
   120.0000      -2909.555       48.73689    
   125.0000      -2901.879       40.07378    
   130.0000      -2898.399       46.85907    
   135.0000      -2901.595       90.72698    
   140.0000      -2926.618       174.2500    
   145.0000      -2981.312       234.5200    
   150.0000      -3005.289       268.4109    
   155.0000      -2919.314       387.5448    
   160.0000      -2918.583       458.6854    
   165.0000      -2875.238       472.9230    
   170.0000      -3074.453       414.1797    
   175.0000      -3353.677       222.7285    
   180.0000      -3395.798       124.0395    
   185.0000      -3353.331       117.6135    
   190.0000      -3458.816       81.69093    
   195.0000      -3506.364       124.3414    
   200.0000      -3517.928       98.29531    
   205.0000      -3364.489       287.2246    
   210.0000      -3488.409       217.8795    
   215.0000      -3596.958       47.54997    
   220.0000      -3572.294       76.39764    
   225.0000      -3425.538       172.2726    
   230.0000      -3510.272       115.7030    
   235.0000      -3509.390       206.0815    
   240.0000      -3524.967       181.6419    
   245.0000      -3583.072       33.04638    
   250.0000      -3595.572       22.89105    
   255.0000      -3594.399       26.16674    
   260.0000      -3585.227       28.37252    
   265.0000      -3506.514       165.2080    
   270.0000      -3313.671       283.1413    
   275.0000      -3032.291       352.5963    
   280.0000      -2967.354       227.1601    
   285.0000      -2757.369       327.4078    
   290.0000      -2681.643       316.7627    
   295.0000      -2652.582       206.5645    
   300.0000      -2551.928       216.9895    
   305.0000      -2294.279       301.6960    
   310.0000      -2063.230       331.0438    
   315.0000      -1977.425       328.6497    
   320.0000      -1772.112       374.2006    
   325.0000      -1680.301       394.8945    
   330.0000      -1493.580       306.3476    
   335.0000      -1362.893       231.9944    
   340.0000      -1303.656       292.7528    
   345.0000      -1275.355       298.0929    
   350.0000      -1330.064       357.7896    
   355.0000      -1376.634       332.9091    
   360.0000      -1284.556       206.9781    
   365.0000      -1092.254       160.1124    
   370.0000      -989.8448       245.0100    
   375.0000      -956.5690       346.9223    
   380.0000      -937.7430       309.4224    
   385.0000      -840.7290       208.9249    
   390.0000      -866.9061       164.6801    
   395.0000      -874.3944       140.6118    
   400.0000      -748.6288       154.2383    
   405.0000      -497.2828       186.1507    
   410.0000      -295.9763       126.5090    
   415.0000      -228.9760       96.02657    
   420.0000      -174.5580       86.59311    
   425.0000      -158.9703       89.14915    
   430.0000      -101.7684       55.87830    
   435.0000      -80.97752       94.72032    
   440.0000      -7.287322       107.0495    
445 126.0818 189.7498
450 150.0711 156.6057
455 287.4889 229.3667
460 543.1247 370.9093
465 418.9863 320.8281
470 491.0179 399.4759
475 769.6280 431.5480
480 866.4308 409.6855
485 632.3461 331.1435
490 463.2857 158.5617
495 828.2686 273.8753
500 768.3041 203.2110
505 817.7827 232.9145
510 854.0890 326.7280
515 898.3868 181.3433
520 842.7178 167.0105
525 807.7033 186.1044
530 758.8381 131.0731
535 718.4857 120.0106
540 623.4913 105.6833
545 492.9680 94.49957
550 404.1593 96.29901
555 373.2225 87.77278
560 346.4398 74.05817
565 319.7662 68.38780
570 399.8980 89.23097
575 471.0751 93.56092
580 490.7764 96.69807
585 451.9696 92.91460
590 397.2435 79.30374
595 353.2188 96.41924
600 287.6334 99.80331
605 214.1328 96.13107
610 141.6577 91.21741
615 88.09457 86.33077
620 35.62831 76.30019
625 0.2171630 72.36157
630 -34.16385 63.28915
635 -64.19189 56.17708
640 -89.37159 36.71219
645 -109.6171 18.23393
650 -122.9381 6.809099
655 -140.8183 26.68903
660 -190.2414 82.36425
665 -266.3765 142.9268
670 -459.5309 143.0813
675 -637.7933 126.2008
680 -726.0995 118.7205
685 -809.5867 127.8604
690 -972.4136 84.16594
695 -1049.687 66.94987
700 -1085.850 80.42621
705 -1120.165 54.93705
710 -1131.851 46.96503
715 -1137.933 34.23127
720 -1135.377 41.57674
725 -1159.231 37.54165
730 -1187.663 20.10133
735 -1195.260 20.38372
740 -1209.171 15.87158
745 -1215.156 12.19420
750 -1217.328 11.64298
755 -1216.652 13.00887
760 -1216.272 12.99788
765 -1211.691 15.43898
770 -1198.529 28.00000
775 -1152.648 49.41407
780 -1056.724 95.98438
785 -887.2191 181.7068
790 -678.6833 239.5083
795 -498.2778 218.1301
800 -327.6617 126.4532
805 -225.2242 54.29574
810 -180.1359 41.59975
815 -156.8012 30.65086
820 -122.5601 21.39758
825 -105.6463 16.50985
830 -94.81220 17.45321
835 -59.83868 61.11004
840 0.7307946 112.0249
845 294.0161 424.3520
850 669.2153 385.1743
855 597.5016 288.1035
860 401.5009 323.5003
865 245.9832 334.2620
870 214.1530 272.2319
875 70.42840 119.1201
880 58.25541 48.78946
885 273.3531 247.3359
890 589.9651 283.7335
895 882.9762 372.0493
900 1091.450 378.2554
905 1249.361 399.4100
910 1341.041 408.9521
915 1421.534 302.0417
920 1603.875 281.2618
925 1527.995 294.8445
930 1455.547 333.4388
935 1422.747 309.7545
940 1334.066 308.0948
945 1448.757 410.1244
950 1500.517 473.5625
955 1396.607 372.2754
960 1431.496 356.9456
965 1297.891 364.1206
970 1254.116 474.1227
975 1093.372 432.9657
980 1043.183 440.3549
985 1025.525 407.2487
990 1033.860 349.2786
995 1044.257 319.7163
1000 980.4130 278.5650
1005 866.8724 154.5133
1010 828.3259 171.2066
1015 830.7792 205.3246
1020 780.7081 182.8460
1025 707.7346 132.8628
1030 754.6621 189.9857
1035 1048.415 182.9631
1040 1332.766 217.1568
1045 1094.041 244.7028
1050 965.9714 163.2422
1055 798.1362 118.9451
1060 651.2012 135.3321
1065 533.1504 127.7109
1070 459.6636 115.2880
1075 443.1571 122.5803
1080 442.3388 153.2251
1085 533.2261 243.5780
1090 553.1024 309.8829
1095 479.0272 236.2323
1100 373.5197 121.9938
1105 333.6324 149.9674
1110 255.2021 88.65493
1115 192.2948 35.63037
1120 348.1137 125.9308
1125 505.5183 125.7948
1130 564.4188 176.7028
1135 599.2656 204.1993
1140 641.9202 180.2832
1145 638.8147 150.9188
1150 527.4304 164.2174
1155 442.4479 145.4382
1160 444.5674 165.5456
1165 409.9315 173.1769
1170 407.5189 233.7346
1175 453.7148 235.0236
1180 364.6087 146.6017
1185 287.7464 73.59685
1190 276.3698 52.62798
1195 250.2216 40.22364
1200 220.9526 41.63519
1205 199.7711 45.13494
1210 153.4697 49.47404
1215 73.05239 46.50000
1220 59.92520 38.68565
