0 63.6538734436 5.05753120035
1.61699 64.9380569458 6.65873025504
3.23488 55.6385765076 8.25993550237
14.2854 95.5727310181 19.2002779869
15.868 92.2338409424 20.7669577909
17.4505 89.6560592651 22.3336419283
28.5687 128.632247925 33.3452740525
30.1159 113.495849609 34.8774214575
31.662 112.271331787 36.4095714513
42.8487 157.99331665 47.4924707938
44.3606 135.936126709 48.9900729313
45.8714 134.396743774 50.4876760209
57.1257 168.392623901 61.641819515
58.6022 158.092514038 63.1048637935
60.0776 152.382232666 64.5679074968
71.4005 168.496398926 75.7932714634
72.8407 171.470550537 77.2217455728
74.2809 168.258895874 78.6502176834
85.6713 180.224822998 89.9467777814
87.0772 184.206802368 91.3406696914
88.482 183.543914795 92.7345582819
99.94 197.13067627 104.102289542
101.31 195.396850586 105.461587504
102.679 194.9974823 106.820880926
114.206 202.518814087 118.259757743
115.54 201.1381073 119.58445029
116.874 198.483551025 120.909137174
128.469 216.167221069 132.419133307
129.768 211.126571655 133.709209254
131.067 199.843597412 134.999278514
143.992 213.673782349 147.835815532
145.257 199.641860962 149.09125636
158.215 220.875396729 161.964220187
159.444 206.353149414 163.185022058
172.434 234.51550293 176.094374216
173.627 220.569473267 177.280526889
186.651 240.834091187 190.22622854
187.809 232.362945557 191.377722057
200.865 241.654968262 204.359734042
201.988 242.66885376 205.476558729
215.077 249.866790771 218.494841517
216.165 247.916183472 219.576987984
229.286 253.283172607 232.631501707
230.338 246.355697632 233.678960852
243.492 242.444198608 246.769665295
244.509 237.967132568 247.782428301
245.528 220.190338135 248.795196645
257.696 240.454284668 260.909282909
258.679 226.108047485 261.887341246
259.661 209.532180786 262.865404061
271.897 221.064804077 275.05030512
272.845 204.383361816 275.993650545
273.792 190.417114258 276.936999659
286.097 200.816574097 289.192682446
287.009 184.920303345 290.101307004
287.921 168.924758911 291.009934532
300.293 185.056488037 303.336365353
301.17 168.770599365 304.210261379
302.047 149.98576355 305.084159719
314.488 170.346496582 317.481304251
315.329 149.642684937 318.320464367
316.171 135.360321045 319.159626207
328.68 159.329193115 331.627449526
329.486 133.437438965 332.431866645
330.294 108.991241455 333.236284957
342.869 149.020202637 345.774751493
343.641 119.54548645 346.544418819
344.413 100.987304688 347.314086863
357.057 135.07925415 359.923160432
357.793 106.476577759 360.658071457
358.53 99.8401947021 361.392982784
371.242 115.967308044 374.07262658
371.944 94.4043121338 374.772775089
372.645 90.5518112183 375.472923537
385.425 95.0728988647 388.223100135
386.091 86.5031738281 388.888480204
386.758 64.074432373 389.553859899
399.605 87.2612915039 402.374531256
400.237 71.7345962524 403.005137253
400.869 49.6082687378 403.63574261
413.784 76.5996017456 416.526870066
414.381 60.2810745239 417.12269665
414.978 35.5865783691 417.718522377
427.96 66.9946365356 430.680066652
428.522 58.6675872803 431.241108777
429.084 29.9218845367 431.802149869
