0 62.7953491211 3.24028730121
3.87853 29.9218845367 6.99948844335
10.0375 29.1925354004 12.9715157438
13.8701 36.0299491882 16.687487251
23.8779 4.5363202095 26.3947088069
27.7324 18.955783844 30.1347387572
33.9014 -2.75139760971 36.1211685653
37.7092 1.21930670738 39.8178670916
43.9397 -13.2926101685 45.8668818494
47.7023 -1.9833534956 49.5201891375
51.5342 0.340698808432 53.241098646
57.7116 -10.0636806488 59.2417196816
61.4962 -14.7215366364 62.9191970005
67.7352 -23.7325305939 68.9824733748
71.4738 -12.9735517502 72.6164589519
75.2816 -4.10709238052 76.318300467
81.4669 -2.46521353722 82.3328986179
85.2289 7.35625362396 85.9912082051
91.4757 -1.89300072193 92.0685299776
95.191 21.3901424408 95.6832483524
105.169 24.8266773224 105.394434359
108.907 30.8293075562 109.033631321
115.163 33.2468185425 115.124779533
118.854 35.4314422607 118.720286845
128.817 50.2108573914 128.426055309
132.531 48.5051994324 132.046196433
138.794 54.5739479065 138.150949355
142.463 60.3477210999 141.72730342
148.787 55.772064209 147.89498148
152.409 63.9067192078 151.427489375
156.1 57.3084335327 155.028633092
162.37 62.1029014587 161.146766273
166.015 52.7468147278 164.704026554
172.347 60.4354057312 170.885145939
175.946 49.172328949 174.398463965
185.891 54.1202354431 184.111956632
189.512 66.128326416 187.650184208
195.852 56.2089042664 193.844515731
199.426 72.3438873291 197.338705984
209.354 71.3415756226 207.046246312
212.954 75.0785446167 210.565503906
219.299 61.729511261 216.772815688
222.85 76.2895889282 220.24794194
229.258 57.7232131958 226.518424459
232.762 74.7170715332 229.949360779
236.338 79.3570556641 233.449712715
242.689 71.0690841675 239.669770263
246.218 76.7552337646 243.125897865
252.631 70.5873947144 249.40918008
256.113 74.8142242432 252.821025063
266.022 74.983039856 262.535103491
269.528 63.1262016296 265.97229943
275.947 76.0315856934 272.268142177
279.406 64.0104446411 275.660963845
289.297 55.4393577576 285.368539072
292.78 32.2904014587 288.786871901
299.205 46.5316429138 295.095033479
302.64 26.3425350189 298.468901418
309.127 38.318939209 304.840455277
312.515 23.4768314362 308.169800333
315.973 19.0745334625 311.569340223
322.404 16.0872783661 317.889576361
325.817 10.5606079102 321.244561772
332.308 4.92532730103 327.628237056
335.673 0.539147078991 330.938610319
345.544 -13.4580411911 340.65149293
348.934 -9.3375749588 343.987668556
355.429 -27.8921356201 350.383216498
358.773 -18.7790737152 353.674691752
368.625 -30.7004203796 363.380504983
371.992 -13.8158903122 366.69794516
378.492 -31.8888130188 373.10511451
381.812 -33.6721076965 376.377767104
388.373 -29.2168197632 382.84852641
391.646 -66.9357070923 386.076334109
394.99 -68.489074707 389.375114709
401.494 -61.6054000854 395.793651772
404.791 -77.4922027588 399.047558621
411.357 -70.1337280273 405.529725528
414.606 -83.6390151978 408.738701653
424.436 -97.5246963501 418.448548762
427.711 -88.2887802124 421.683788294
434.28 -99.5243682861 428.177104736
437.507 -79.1486663818 431.367328745
444.137 -78.8734283447 437.924374191
447.317 -77.4114837646 441.069525752
450.569 -72.9141693115 444.286177952
457.141 -95.6789245605 450.790383462
460.346 -81.3035430908 453.961936366
466.98 -63.1964836121 460.529905846
470.137 -120.303726196 463.656302887
479.942 -42.3687438965 473.369281023
483.124 -39.9363021851 476.522245316
489.761 -59.4634208679 483.100874104
492.894 -41.540145874 486.208600147
502.68 -51.4626998901 495.913516588
505.839 -45.4006080627 499.047976296
512.479 -54.5238952637 505.636997334
515.59 -51.4072875977 508.726137429
