0 -46.0875587463 1.05622664759
0.503385 -54.0574035645 1.55982592661
1.00687 -54.5238952637 2.06342345337
13.3587 -50.3992271423 14.4198091247
13.8992 -53.8475723267 14.9604903445
14.4397 -54.1114044189 15.5011694991
26.7171 -39.1388282776 27.7826140613
27.2947 -48.7426300049 28.3603726951
27.8723 -63.5487365723 28.93812891
40.0751 -45.0285301208 41.1445882466
40.6899 -49.6559448242 41.7594194567
41.3045 -60.7877311707 42.3742478506
53.433 -40.0860710144 54.5056785003
54.0848 -55.2972831726 55.1575771388
54.7365 -51.477848053 55.8094725187
66.7905 -30.5177669525 67.8658316718
67.4794 -51.5026512146 68.5547922827
68.1683 -41.9133529663 69.2437491452
80.148 -11.4839315414 81.2249946428
80.874 -34.6199874878 81.9510114624
81.5999 -37.5769920349 82.6770239932
94.2684 -21.2841758728 95.3461812867
95.0314 -41.7155265808 96.1092433614
107.663 -17.1650238037 108.740248401
108.463 -12.9237031937 109.540353585
121.057 -23.6955966949 122.13315949
121.894 -15.2339773178 122.97030104
134.451 -23.4777069092 135.524861269
135.325 -26.9617595673 136.399032132
147.845 -6.36533975601 148.915300521
148.757 -13.5014352798 149.826493335
161.24 -24.6888542175 162.304424048
162.188 -34.9953041077 163.252631145
174.634 -24.3141708374 175.692178706
175.62 -33.5026473999 176.677392111
188.029 -11.8276662827 189.0785114
